4	1	-1	1	-1
4	1	-1	1	-1
4	1	-1	1	-1
4	1	-1	1	-1
4	1	-1	1	-1
4	1	-1	1	-1
4	1	-1	1	-1
4	1	-1	1	-1
4	1	-1	1	-1
4	1	-1	1	-1
4	1	-1	1	-1
4	1	-1	1	-1
4	1	-1	1	-1
4	1	-1	1	-1
4	1	-1	1	-1
4	1	-1	1	-1
4	1	-1	1	-1
4	1	-1	1	-1
4	1	-1	1	-1
4	1	-1	1	-1
4	1	-1	1	-1
4	1	-1	1	-1
4	1	-1	1	-1
4	1	-1	1	-1
4	1	-1	1	-1
4	1	-1	1	-1
4	1	-1	1	-1
4	1	-1	1	-1
4	1	-1	1	-1
4	1	-1	1	-1
4	1	-1	1	-1
4	1	-1	1	-1
4	1	-1	1	-1
4	1	-1	1	-1
4	1	-1	1	-1
4	1	-1	1	-1
4	1	-1	1	-1
4	1	-1	1	-1
4	1	-1	1	-1
4	1	-1	1	-1
4	1	-1	1	-1
4	1	-1	1	-1
4	1	-1	1	-1
4	1	-1	1	-1
4	1	-1	1	-1
4	1	-1	1	-1
4	1	-1	1	-1
4	1	-1	1	-1
4	1	-1	1	-1
4	1	-1	1	-1
4	1	-1	1	-1
4	1	-1	1	-1
4	1	-1	1	-1
4	1	-1	1	-1
4	1	-1	1	-1
4	1	-1	1	-1
4	1	-1	1	-1
4	1	-1	1	-1
4	1	-1	1	-1
4	1	-1	1	-1
4	1	-1	1	-1
4	1	-1	1	-1
4	1	-1	1	-1
4	1	-1	1	-1
4	2	-1	1	-1
4	2	-1	1	-1
4	2	-1	1	-1
4	2	-1	1	-1
4	2	-1	1	-1
4	2	-1	1	-1
4	2	-1	1	-1
4	2	-1	1	-1
4	2	-1	1	-1
4	2	-1	1	-1
4	2	-1	1	-1
4	2	-1	1	-1
4	2	-1	1	-1
4	2	-1	1	-1
4	2	-1	1	-1
4	2	-1	1	-1
4	2	-1	1	-1
4	2	-1	1	-1
4	2	-1	1	-1
4	2	-1	1	-1
4	2	-1	1	-1
4	2	-1	1	-1
4	2	-1	1	-1
4	2	-1	1	-1
4	2	-1	1	-1
4	2	-1	1	-1
4	2	-1	1	-1
4	2	-1	1	-1
4	2	-1	1	-1
4	2	-1	1	-1
4	2	-1	1	-1
4	2	-1	1	-1
4	2	-1	1	-1
4	2	-1	1	-1
4	2	-1	1	-1
4	2	-1	1	-1
4	2	-1	1	-1
4	2	-1	1	-1
4	2	-1	1	-1
4	2	-1	1	-1
4	2	-1	1	-1
4	2	-1	1	-1
4	2	-1	1	-1
4	2	-1	1	-1
4	2	-1	1	-1
4	2	-1	1	-1
4	2	-1	1	-1
4	2	-1	1	-1
4	2	-1	1	-1
4	2	-1	1	-1
4	2	-1	1	-1
4	2	-1	1	-1
4	2	-1	1	-1
4	2	-1	1	-1
4	2	-1	1	-1
4	2	-1	1	-1
4	2	-1	1	-1
4	2	-1	1	-1
4	2	-1	1	-1
4	2	-1	1	-1
4	2	-1	1	-1
1	3	-1	1	-1
1	3	-1	1	-1
1	3	-1	1	-1
1	3	-1	1	-1
1	3	-1	1	-1
1	3	-1	1	-1
1	3	-1	1	-1
1	3	-1	1	-1
1	3	-1	1	-1
1	3	-1	1	-1
1	3	-1	1	-1
1	3	-1	1	-1
1	3	-1	1	-1
1	3	-1	1	-1
1	3	-1	1	-1
1	3	-1	1	-1
1	3	-1	1	-1
1	3	-1	1	-1
1	3	-1	1	-1
1	3	-1	1	-1
1	3	-1	1	-1
1	3	-1	1	-1
1	3	-1	1	-1
1	3	-1	1	-1
1	3	-1	1	-1
1	3	-1	1	-1
1	3	-1	1	-1
4	4	-1	1	-1
4	4	-1	1	-1
4	4	-1	1	-1
4	4	-1	1	-1
4	4	-1	1	-1
4	4	-1	1	-1
4	4	-1	1	-1
4	4	-1	1	-1
4	4	-1	1	-1
4	4	-1	1	-1
4	4	-1	1	-1
4	4	-1	1	-1
4	4	-1	1	-1
4	4	-1	1	-1
4	4	-1	1	-1
4	4	-1	1	-1
4	4	-1	1	-1
4	4	-1	1	-1
4	4	-1	1	-1
4	4	-1	1	-1
4	4	-1	1	-1
4	4	-1	1	-1
4	4	-1	1	-1
4	4	-1	1	-1
4	4	-1	1	-1
4	4	-1	1	-1
4	4	-1	1	-1
4	4	-1	1	-1
4	4	-1	1	-1
4	4	-1	1	-1
4	4	-1	1	-1
4	4	-1	1	-1
4	4	-1	1	-1
4	4	-1	1	-1
4	4	-1	1	-1
4	4	-1	1	-1
4	4	-1	1	-1
4	4	-1	1	-1
4	4	-1	1	-1
4	4	-1	1	-1
4	4	-1	1	-1
4	4	-1	1	-1
4	4	-1	1	-1
4	4	-1	1	-1
4	4	-1	1	-1
4	4	-1	1	-1
4	4	-1	1	-1
4	4	-1	1	-1
4	4	-1	1	-1
4	4	-1	1	-1
4	4	-1	1	-1
4	4	-1	1	-1
4	4	-1	1	-1
4	4	-1	1	-1
4	4	-1	1	-1
4	4	-1	1	-1
4	4	-1	1	-1
4	4	-1	1	-1
4	4	-1	1	-1
4	4	-1	1	-1
4	4	-1	1	-1
4	4	-1	1	-1
4	4	-1	1	-1
4	4	-1	1	-1
4	4	-1	1	-1
4	4	-1	1	-1
4	4	-1	1	-1
4	4	-1	1	-1
4	4	-1	1	-1
4	4	-1	1	-1
4	4	-1	1	-1
4	5	-1	1	-1
4	5	-1	1	-1
4	5	-1	1	-1
4	5	-1	1	-1
4	5	-1	1	-1
4	5	-1	1	-1
4	5	-1	1	-1
4	5	-1	1	-1
4	5	-1	1	-1
4	5	-1	1	-1
4	5	-1	1	-1
4	5	-1	1	-1
4	5	-1	1	-1
4	5	-1	1	-1
4	5	-1	1	-1
4	5	-1	1	-1
4	5	-1	1	-1
4	5	-1	1	-1
4	5	-1	1	-1
4	5	-1	1	-1
4	5	-1	1	-1
4	5	-1	1	-1
4	5	-1	1	-1
4	5	-1	1	-1
4	5	-1	1	-1
4	5	-1	1	-1
4	5	-1	1	-1
4	5	-1	1	-1
4	5	-1	1	-1
4	5	-1	1	-1
4	5	-1	1	-1
4	5	-1	1	-1
4	5	-1	1	-1
4	5	-1	1	-1
4	5	-1	1	-1
4	5	-1	1	-1
4	5	-1	1	-1
4	5	-1	1	-1
4	5	-1	1	-1
4	5	-1	1	-1
4	5	-1	1	-1
4	5	-1	1	-1
4	5	-1	1	-1
4	5	-1	1	-1
4	5	-1	1	-1
4	5	-1	1	-1
4	5	-1	1	-1
4	5	-1	1	-1
4	5	-1	1	-1
4	5	-1	1	-1
4	5	-1	1	-1
4	5	-1	1	-1
4	5	-1	1	-1
4	5	-1	1	-1
4	5	-1	1	-1
4	5	-1	1	-1
4	5	-1	1	-1
4	5	-1	1	-1
4	5	-1	1	-1
4	5	-1	1	-1
5	6	-1	1	-1
5	6	-1	1	-1
5	6	-1	1	-1
5	6	-1	1	-1
5	6	-1	1	-1
5	6	-1	1	-1
5	6	-1	1	-1
5	6	-1	1	-1
4	7	-1	1	-1
4	7	-1	1	-1
4	7	-1	1	-1
4	7	-1	1	-1
4	7	-1	1	-1
4	7	-1	1	-1
4	7	-1	1	-1
4	7	-1	1	-1
4	7	-1	1	-1
4	7	-1	1	-1
4	7	-1	1	-1
4	7	-1	1	-1
4	7	-1	1	-1
4	7	-1	1	-1
4	7	-1	1	-1
4	7	-1	1	-1
4	7	-1	1	-1
4	7	-1	1	-1
4	7	-1	1	-1
4	7	-1	1	-1
4	7	-1	1	-1
4	7	-1	1	-1
4	7	-1	1	-1
4	7	-1	1	-1
4	8	-1	1	-1
4	8	-1	1	-1
4	8	-1	1	-1
4	8	-1	1	-1
4	8	-1	1	-1
4	8	-1	1	-1
4	8	-1	1	-1
4	8	-1	1	-1
4	8	-1	1	-1
4	8	-1	1	-1
4	8	-1	1	-1
4	8	-1	1	-1
4	8	-1	1	-1
4	8	-1	1	-1
4	8	-1	1	-1
4	8	-1	1	-1
4	8	-1	1	-1
4	8	-1	1	-1
4	8	-1	1	-1
4	8	-1	1	-1
4	8	-1	1	-1
4	8	-1	1	-1
4	8	-1	1	-1
4	8	-1	1	-1
4	8	-1	1	-1
4	8	-1	1	-1
4	8	-1	1	-1
4	8	-1	1	-1
4	8	-1	1	-1
4	8	-1	1	-1
4	8	-1	1	-1
4	8	-1	1	-1
4	8	-1	1	-1
4	8	-1	1	-1
4	8	-1	1	-1
4	8	-1	1	-1
4	8	-1	1	-1
4	8	-1	1	-1
4	8	-1	1	-1
4	8	-1	1	-1
4	8	-1	1	-1
4	8	-1	1	-1
4	8	-1	1	-1
4	8	-1	1	-1
4	8	-1	1	-1
4	8	-1	1	-1
4	8	-1	1	-1
4	8	-1	1	-1
4	8	-1	1	-1
4	8	-1	1	-1
4	8	-1	1	-1
4	8	-1	1	-1
4	8	-1	1	-1
4	8	-1	1	-1
4	8	-1	1	-1
4	8	-1	1	-1
4	8	-1	1	-1
4	9	-1	1	-1
4	9	-1	1	-1
4	9	-1	1	-1
4	9	-1	1	-1
4	9	-1	1	-1
4	9	-1	1	-1
4	9	-1	1	-1
4	9	-1	1	-1
4	9	-1	1	-1
3	10	-1	1	-1
3	10	-1	1	-1
3	10	-1	1	-1
3	10	-1	1	-1
3	10	-1	1	-1
3	10	-1	1	-1
3	10	-1	1	-1
3	10	-1	1	-1
3	10	-1	1	-1
3	10	-1	1	-1
3	10	-1	1	-1
3	10	-1	1	-1
3	10	-1	1	-1
3	10	-1	1	-1
3	10	-1	1	-1
3	10	-1	1	-1
3	10	-1	1	-1
3	10	-1	1	-1
3	10	-1	1	-1
3	10	-1	1	-1
3	10	-1	1	-1
3	10	-1	1	-1
3	10	-1	1	-1
3	10	-1	1	-1
3	10	-1	1	-1
3	10	-1	1	-1
3	10	-1	1	-1
3	10	-1	1	-1
3	10	-1	1	-1
3	10	-1	1	-1
3	10	-1	1	-1
3	10	-1	1	-1
3	10	-1	1	-1
3	10	-1	1	-1
3	10	-1	1	-1
3	10	-1	1	-1
3	10	-1	1	-1
5	11	-1	1	-1
5	11	-1	1	-1
5	11	-1	1	-1
5	11	-1	1	-1
5	11	-1	1	-1
5	11	-1	1	-1
5	11	-1	1	-1
5	11	-1	1	-1
5	11	-1	1	-1
5	11	-1	1	-1
5	11	-1	1	-1
5	12	-1	1	-1
5	12	-1	1	-1
5	12	-1	1	-1
5	12	-1	1	-1
5	12	-1	1	-1
5	12	-1	1	-1
5	12	-1	1	-1
5	12	-1	1	-1
5	12	-1	1	-1
5	12	-1	1	-1
5	12	-1	1	-1
5	12	-1	1	-1
5	12	-1	1	-1
5	12	-1	1	-1
5	12	-1	1	-1
5	12	-1	1	-1
5	12	-1	1	-1
5	12	-1	1	-1
5	12	-1	1	-1
5	12	-1	1	-1
5	12	-1	1	-1
5	12	-1	1	-1
5	12	-1	1	-1
5	12	-1	1	-1
5	12	-1	1	-1
5	12	-1	1	-1
5	12	-1	1	-1
5	12	-1	1	-1
5	12	-1	1	-1
5	12	-1	1	-1
5	12	-1	1	-1
5	12	-1	1	-1
5	12	-1	1	-1
5	12	-1	1	-1
5	12	-1	1	-1
5	12	-1	1	-1
5	12	-1	1	-1
5	12	-1	1	-1
5	12	-1	1	-1
5	12	-1	1	-1
5	12	-1	1	-1
3	13	-1	1	-1
3	13	-1	1	-1
3	13	-1	1	-1
3	13	-1	1	-1
3	13	-1	1	-1
3	13	-1	1	-1
3	13	-1	1	-1
3	13	-1	1	-1
3	13	-1	1	-1
3	13	-1	1	-1
3	13	-1	1	-1
3	13	-1	1	-1
3	13	-1	1	-1
3	13	-1	1	-1
1	14	-1	1	-1
1	14	-1	1	-1
1	14	-1	1	-1
1	14	-1	1	-1
1	14	-1	1	-1
1	14	-1	1	-1
1	14	-1	1	-1
1	14	-1	1	-1
1	14	-1	1	-1
1	14	-1	1	-1
1	14	-1	1	-1
1	14	-1	1	-1
1	14	-1	1	-1
1	14	-1	1	-1
1	14	-1	1	-1
1	14	-1	1	-1
1	14	-1	1	-1
1	14	-1	1	-1
1	14	-1	1	-1
1	14	-1	1	-1
1	14	-1	1	-1
1	14	-1	1	-1
1	14	-1	1	-1
1	14	-1	1	-1
1	14	-1	1	-1
1	14	-1	1	-1
2	15	-1	1	-1
2	15	-1	1	-1
2	15	-1	1	-1
2	15	-1	1	-1
2	15	-1	1	-1
2	15	-1	1	-1
2	15	-1	1	-1
2	15	-1	1	-1
2	15	-1	1	-1
2	15	-1	1	-1
2	15	-1	1	-1
2	15	-1	1	-1
2	15	-1	1	-1
2	15	-1	1	-1
2	15	-1	1	-1
2	15	-1	1	-1
2	15	-1	1	-1
2	15	-1	1	-1
2	15	-1	1	-1
2	15	-1	1	-1
2	15	-1	1	-1
2	15	-1	1	-1
2	15	-1	1	-1
2	15	-1	1	-1
2	15	-1	1	-1
2	15	-1	1	-1
2	15	-1	1	-1
2	15	-1	1	-1
2	15	-1	1	-1
2	15	-1	1	-1
2	15	-1	1	-1
2	15	-1	1	-1
2	15	-1	1	-1
2	15	-1	1	-1
2	15	-1	1	-1
2	15	-1	1	-1
2	15	-1	1	-1
2	15	-1	1	-1
2	15	-1	1	-1
2	15	-1	1	-1
2	15	-1	1	-1
2	15	-1	1	-1
2	15	-1	1	-1
2	15	-1	1	-1
2	15	-1	1	-1
2	15	-1	1	-1
2	15	-1	1	-1
2	15	-1	1	-1
2	15	-1	1	-1
2	15	-1	1	-1
2	15	-1	1	-1
2	15	-1	1	-1
2	15	-1	1	-1
2	15	-1	1	-1
2	16	-1	1	-1
2	16	-1	1	-1
2	16	-1	1	-1
2	16	-1	1	-1
2	16	-1	1	-1
2	16	-1	1	-1
2	16	-1	1	-1
2	16	-1	1	-1
2	16	-1	1	-1
2	16	-1	1	-1
2	16	-1	1	-1
2	16	-1	1	-1
2	17	-1	1	-1
2	17	-1	1	-1
2	17	-1	1	-1
2	17	-1	1	-1
2	17	-1	1	-1
2	17	-1	1	-1
2	17	-1	1	-1
2	17	-1	1	-1
2	17	-1	1	-1
2	17	-1	1	-1
2	17	-1	1	-1
2	17	-1	1	-1
2	17	-1	1	-1
2	17	-1	1	-1
2	17	-1	1	-1
2	17	-1	1	-1
2	17	-1	1	-1
1	18	-1	1	-1
1	18	-1	1	-1
1	18	-1	1	-1
1	18	-1	1	-1
1	18	-1	1	-1
1	18	-1	1	-1
1	18	-1	1	-1
1	18	-1	1	-1
2	19	-1	1	-1
2	19	-1	1	-1
2	19	-1	1	-1
2	19	-1	1	-1
2	19	-1	1	-1
2	19	-1	1	-1
2	19	-1	1	-1
2	19	-1	1	-1
2	19	-1	1	-1
2	19	-1	1	-1
2	19	-1	1	-1
2	19	-1	1	-1
2	19	-1	1	-1
2	19	-1	1	-1
2	19	-1	1	-1
2	19	-1	1	-1
2	19	-1	1	-1
2	19	-1	1	-1
2	19	-1	1	-1
2	19	-1	1	-1
2	19	-1	1	-1
2	19	-1	1	-1
2	19	-1	1	-1
2	19	-1	1	-1
2	19	-1	1	-1
2	19	-1	1	-1
2	19	-1	1	-1
2	19	-1	1	-1
2	19	-1	1	-1
2	19	-1	1	-1
2	19	-1	1	-1
2	19	-1	1	-1
2	19	-1	1	-1
2	19	-1	1	-1
2	19	-1	1	-1
2	19	-1	1	-1
2	19	-1	1	-1
2	19	-1	1	-1
2	19	-1	1	-1
2	19	-1	1	-1
2	19	-1	1	-1
2	19	-1	1	-1
2	19	-1	1	-1
2	19	-1	1	-1
2	19	-1	1	-1
2	19	-1	1	-1
2	19	-1	1	-1
2	19	-1	1	-1
2	19	-1	1	-1
2	19	-1	1	-1
2	19	-1	1	-1
2	19	-1	1	-1
2	19	-1	1	-1
2	19	-1	1	-1
2	19	-1	1	-1
2	19	-1	1	-1
2	19	-1	1	-1
2	19	-1	1	-1
2	19	-1	1	-1
2	19	-1	1	-1
2	19	-1	1	-1
1	20	-1	1	-1
1	20	-1	1	-1
1	20	-1	1	-1
1	20	-1	1	-1
1	20	-1	1	-1
1	20	-1	1	-1
1	20	-1	1	-1
1	20	-1	1	-1
1	20	-1	1	-1
1	20	-1	1	-1
1	20	-1	1	-1
1	20	-1	1	-1
1	20	-1	1	-1
1	21	-1	1	-1
1	21	-1	1	-1
1	21	-1	1	-1
1	21	-1	1	-1
1	21	-1	1	-1
1	21	-1	1	-1
1	21	-1	1	-1
1	21	-1	1	-1
1	21	-1	1	-1
1	21	-1	1	-1
1	21	-1	1	-1
1	21	-1	1	-1
1	21	-1	1	-1
1	21	-1	1	-1
1	21	-1	1	-1
1	21	-1	1	-1
1	21	-1	1	-1
1	21	-1	1	-1
1	21	-1	1	-1
1	21	-1	1	-1
1	21	-1	1	-1
1	21	-1	1	-1
1	21	-1	1	-1
1	21	-1	1	-1
1	21	-1	1	-1
1	21	-1	1	-1
1	21	-1	1	-1
4	22	-1	1	-1
4	22	-1	1	-1
4	22	-1	1	-1
4	22	-1	1	-1
4	22	-1	1	-1
4	22	-1	1	-1
4	22	-1	1	-1
4	22	-1	1	-1
4	22	-1	1	-1
4	22	-1	1	-1
4	22	-1	1	-1
4	22	-1	1	-1
4	22	-1	1	-1
4	22	-1	1	-1
4	22	-1	1	-1
4	22	-1	1	-1
4	22	-1	1	-1
4	22	-1	1	-1
4	22	-1	1	-1
4	22	-1	1	-1
4	22	-1	1	-1
4	22	-1	1	-1
4	22	-1	1	-1
4	22	-1	1	-1
4	22	-1	1	-1
4	22	-1	1	-1
4	22	-1	1	-1
4	22	-1	1	-1
4	22	-1	1	-1
4	22	-1	1	-1
4	22	-1	1	-1
4	22	-1	1	-1
4	22	-1	1	-1
4	22	-1	1	-1
4	22	-1	1	-1
4	22	-1	1	-1
4	22	-1	1	-1
4	22	-1	1	-1
4	22	-1	1	-1
4	22	-1	1	-1
4	22	-1	1	-1
4	22	-1	1	-1
4	22	-1	1	-1
4	22	-1	1	-1
4	22	-1	1	-1
4	22	-1	1	-1
4	22	-1	1	-1
4	22	-1	1	-1
4	22	-1	1	-1
4	22	-1	1	-1
4	22	-1	1	-1
4	22	-1	1	-1
4	22	-1	1	-1
4	22	-1	1	-1
4	22	-1	1	-1
4	22	-1	1	-1
4	22	-1	1	-1
4	22	-1	1	-1
4	22	-1	1	-1
4	22	-1	1	-1
4	22	-1	1	-1
4	22	-1	1	-1
4	22	-1	1	-1
4	22	-1	1	-1
4	22	-1	1	-1
4	22	-1	1	-1
4	22	-1	1	-1
4	22	-1	1	-1
4	22	-1	1	-1
4	22	-1	1	-1
4	22	-1	1	-1
4	22	-1	1	-1
4	22	-1	1	-1
4	22	-1	1	-1
4	22	-1	1	-1
4	22	-1	1	-1
4	22	-1	1	-1
4	22	-1	1	-1
4	23	-1	1	-1
4	23	-1	1	-1
4	23	-1	1	-1
4	23	-1	1	-1
4	23	-1	1	-1
4	23	-1	1	-1
4	23	-1	1	-1
4	23	-1	1	-1
4	23	-1	1	-1
4	23	-1	1	-1
4	23	-1	1	-1
4	23	-1	1	-1
2	24	-1	1	-1
2	24	-1	1	-1
2	24	-1	1	-1
2	24	-1	1	-1
2	24	-1	1	-1
2	24	-1	1	-1
2	24	-1	1	-1
2	24	-1	1	-1
2	24	-1	1	-1
2	24	-1	1	-1
2	24	-1	1	-1
2	24	-1	1	-1
2	24	-1	1	-1
2	24	-1	1	-1
2	24	-1	1	-1
2	24	-1	1	-1
2	24	-1	1	-1
2	25	-1	1	-1
2	25	-1	1	-1
2	25	-1	1	-1
2	25	-1	1	-1
2	25	-1	1	-1
2	25	-1	1	-1
2	25	-1	1	-1
2	25	-1	1	-1
2	25	-1	1	-1
2	25	-1	1	-1
2	25	-1	1	-1
2	25	-1	1	-1
2	25	-1	1	-1
2	25	-1	1	-1
2	25	-1	1	-1
2	25	-1	1	-1
2	25	-1	1	-1
2	25	-1	1	-1
2	25	-1	1	-1
2	25	-1	1	-1
2	25	-1	1	-1
2	25	-1	1	-1
2	25	-1	1	-1
2	25	-1	1	-1
2	25	-1	1	-1
2	25	-1	1	-1
2	25	-1	1	-1
2	25	-1	1	-1
2	25	-1	1	-1
2	25	-1	1	-1
2	25	-1	1	-1
2	25	-1	1	-1
2	25	-1	1	-1
2	25	-1	1	-1
2	25	-1	1	-1
2	25	-1	1	-1
2	25	-1	1	-1
2	25	-1	1	-1
2	25	-1	1	-1
2	25	-1	1	-1
4	26	-1	1	-1
4	26	-1	1	-1
4	26	-1	1	-1
4	26	-1	1	-1
4	26	-1	1	-1
4	26	-1	1	-1
4	26	-1	1	-1
4	26	-1	1	-1
4	26	-1	1	-1
4	26	-1	1	-1
4	26	-1	1	-1
4	26	-1	1	-1
4	26	-1	1	-1
4	26	-1	1	-1
4	26	-1	1	-1
4	26	-1	1	-1
4	26	-1	1	-1
4	26	-1	1	-1
4	26	-1	1	-1
4	26	-1	1	-1
4	26	-1	1	-1
4	26	-1	1	-1
4	26	-1	1	-1
4	26	-1	1	-1
4	26	-1	1	-1
4	26	-1	1	-1
4	26	-1	1	-1
4	26	-1	1	-1
4	26	-1	1	-1
4	26	-1	1	-1
4	26	-1	1	-1
4	26	-1	1	-1
4	26	-1	1	-1
4	26	-1	1	-1
4	26	-1	1	-1
4	26	-1	1	-1
4	26	-1	1	-1
4	26	-1	1	-1
4	26	-1	1	-1
4	26	-1	1	-1
4	26	-1	1	-1
4	26	-1	1	-1
4	26	-1	1	-1
4	26	-1	1	-1
4	26	-1	1	-1
4	26	-1	1	-1
4	26	-1	1	-1
4	26	-1	1	-1
4	26	-1	1	-1
4	26	-1	1	-1
4	26	-1	1	-1
4	26	-1	1	-1
4	26	-1	1	-1
4	26	-1	1	-1
4	26	-1	1	-1
4	26	-1	1	-1
4	26	-1	1	-1
4	26	-1	1	-1
4	26	-1	1	-1
4	26	-1	1	-1
4	26	-1	1	-1
4	26	-1	1	-1
4	26	-1	1	-1
4	26	-1	1	-1
4	26	-1	1	-1
4	26	-1	1	-1
4	26	-1	1	-1
1	27	-1	1	-1
1	27	-1	1	-1
1	27	-1	1	-1
1	27	-1	1	-1
1	27	-1	1	-1
1	27	-1	1	-1
1	27	-1	1	-1
1	27	-1	1	-1
1	27	-1	1	-1
1	27	-1	1	-1
1	27	-1	1	-1
1	27	-1	1	-1
1	27	-1	1	-1
1	27	-1	1	-1
1	27	-1	1	-1
1	27	-1	1	-1
1	27	-1	1	-1
1	27	-1	1	-1
1	27	-1	1	-1
1	27	-1	1	-1
1	27	-1	1	-1
1	27	-1	1	-1
1	27	-1	1	-1
1	27	-1	1	-1
1	27	-1	1	-1
1	27	-1	1	-1
1	27	-1	1	-1
1	27	-1	1	-1
1	28	-1	1	-1
1	28	-1	1	-1
1	28	-1	1	-1
1	28	-1	1	-1
1	28	-1	1	-1
1	28	-1	1	-1
1	28	-1	1	-1
1	28	-1	1	-1
1	28	-1	1	-1
1	28	-1	1	-1
1	28	-1	1	-1
1	28	-1	1	-1
1	28	-1	1	-1
1	28	-1	1	-1
1	28	-1	1	-1
1	28	-1	1	-1
1	28	-1	1	-1
1	28	-1	1	-1
1	28	-1	1	-1
1	28	-1	1	-1
1	28	-1	1	-1
1	28	-1	1	-1
1	28	-1	1	-1
1	28	-1	1	-1
1	28	-1	1	-1
1	28	-1	1	-1
1	28	-1	1	-1
1	28	-1	1	-1
1	28	-1	1	-1
1	28	-1	1	-1
1	28	-1	1	-1
1	28	-1	1	-1
1	28	-1	1	-1
1	28	-1	1	-1
1	28	-1	1	-1
1	28	-1	1	-1
1	28	-1	1	-1
1	28	-1	1	-1
3	29	-1	1	-1
3	29	-1	1	-1
3	29	-1	1	-1
3	29	-1	1	-1
3	29	-1	1	-1
3	29	-1	1	-1
3	29	-1	1	-1
3	29	-1	1	-1
3	29	-1	1	-1
3	29	-1	1	-1
3	29	-1	1	-1
3	29	-1	1	-1
3	29	-1	1	-1
3	29	-1	1	-1
3	29	-1	1	-1
3	29	-1	1	-1
3	29	-1	1	-1
3	29	-1	1	-1
3	29	-1	1	-1
3	29	-1	1	-1
3	29	-1	1	-1
3	29	-1	1	-1
3	29	-1	1	-1
3	29	-1	1	-1
5	30	-1	1	-1
5	30	-1	1	-1
5	30	-1	1	-1
5	30	-1	1	-1
5	30	-1	1	-1
5	30	-1	1	-1
5	30	-1	1	-1
5	30	-1	1	-1
5	30	-1	1	-1
5	30	-1	1	-1
5	30	-1	1	-1
5	30	-1	1	-1
5	30	-1	1	-1
5	30	-1	1	-1
1	31	-1	1	-1
1	31	-1	1	-1
1	31	-1	1	-1
1	31	-1	1	-1
1	31	-1	1	-1
1	31	-1	1	-1
1	31	-1	1	-1
1	31	-1	1	-1
1	31	-1	1	-1
1	31	-1	1	-1
1	31	-1	1	-1
1	31	-1	1	-1
1	31	-1	1	-1
1	31	-1	1	-1
1	31	-1	1	-1
1	31	-1	1	-1
1	31	-1	1	-1
1	31	-1	1	-1
1	31	-1	1	-1
1	31	-1	1	-1
1	31	-1	1	-1
1	31	-1	1	-1
1	31	-1	1	-1
1	31	-1	1	-1
1	31	-1	1	-1
1	31	-1	1	-1
1	31	-1	1	-1
1	31	-1	1	-1
1	31	-1	1	-1
1	31	-1	1	-1
1	31	-1	1	-1
1	31	-1	1	-1
1	31	-1	1	-1
1	31	-1	1	-1
1	31	-1	1	-1
1	31	-1	1	-1
1	31	-1	1	-1
1	31	-1	1	-1
1	31	-1	1	-1
1	31	-1	1	-1
1	31	-1	1	-1
1	31	-1	1	-1
4	32	-1	1	-1
4	32	-1	1	-1
4	32	-1	1	-1
4	32	-1	1	-1
4	32	-1	1	-1
4	32	-1	1	-1
4	32	-1	1	-1
4	32	-1	1	-1
4	32	-1	1	-1
4	32	-1	1	-1
4	32	-1	1	-1
4	32	-1	1	-1
6	33	-1	1	-1
6	33	-1	1	-1
6	33	-1	1	-1
6	33	-1	1	-1
6	33	-1	1	-1
6	33	-1	1	-1
6	33	-1	1	-1
6	33	-1	1	-1
6	33	-1	1	-1
6	33	-1	1	-1
6	33	-1	1	-1
6	33	-1	1	-1
6	33	-1	1	-1
6	33	-1	1	-1
6	33	-1	1	-1
6	33	-1	1	-1
6	33	-1	1	-1
6	33	-1	1	-1
6	33	-1	1	-1
6	33	-1	1	-1
6	33	-1	1	-1
6	33	-1	1	-1
6	33	-1	1	-1
6	33	-1	1	-1
6	33	-1	1	-1
6	33	-1	1	-1
6	33	-1	1	-1
6	33	-1	1	-1
6	33	-1	1	-1
6	33	-1	1	-1
6	33	-1	1	-1
6	33	-1	1	-1
6	33	-1	1	-1
6	33	-1	1	-1
6	33	-1	1	-1
6	33	-1	1	-1
6	33	-1	1	-1
6	33	-1	1	-1
6	34	-1	1	-1
6	34	-1	1	-1
6	34	-1	1	-1
6	34	-1	1	-1
6	34	-1	1	-1
6	34	-1	1	-1
6	34	-1	1	-1
6	34	-1	1	-1
6	34	-1	1	-1
6	34	-1	1	-1
6	34	-1	1	-1
6	34	-1	1	-1
6	34	-1	1	-1
6	34	-1	1	-1
6	34	-1	1	-1
6	34	-1	1	-1
6	34	-1	1	-1
6	34	-1	1	-1
6	34	-1	1	-1
6	34	-1	1	-1
6	34	-1	1	-1
6	34	-1	1	-1
6	34	-1	1	-1
6	34	-1	1	-1
6	34	-1	1	-1
6	34	-1	1	-1
6	34	-1	1	-1
6	34	-1	1	-1
6	34	-1	1	-1
6	34	-1	1	-1
6	34	-1	1	-1
6	34	-1	1	-1
6	34	-1	1	-1
6	34	-1	1	-1
6	34	-1	1	-1
6	34	-1	1	-1
6	34	-1	1	-1
6	34	-1	1	-1
6	34	-1	1	-1
6	34	-1	1	-1
6	34	-1	1	-1
6	34	-1	1	-1
6	34	-1	1	-1
6	34	-1	1	-1
6	34	-1	1	-1
6	34	-1	1	-1
6	34	-1	1	-1
6	34	-1	1	-1
6	34	-1	1	-1
6	34	-1	1	-1
6	34	-1	1	-1
6	34	-1	1	-1
6	34	-1	1	-1
6	34	-1	1	-1
6	34	-1	1	-1
6	34	-1	1	-1
6	34	-1	1	-1
6	34	-1	1	-1
6	34	-1	1	-1
6	34	-1	1	-1
6	34	-1	1	-1
6	34	-1	1	-1
6	34	-1	1	-1
4	35	-1	1	-1
4	35	-1	1	-1
4	35	-1	1	-1
4	35	-1	1	-1
4	35	-1	1	-1
4	35	-1	1	-1
4	35	-1	1	-1
4	35	-1	1	-1
4	35	-1	1	-1
4	35	-1	1	-1
4	35	-1	1	-1
4	35	-1	1	-1
4	35	-1	1	-1
4	35	-1	1	-1
4	35	-1	1	-1
4	35	-1	1	-1
4	35	-1	1	-1
4	35	-1	1	-1
4	35	-1	1	-1
4	35	-1	1	-1
4	35	-1	1	-1
1	37	-1	1	-1
1	37	-1	1	-1
1	37	-1	1	-1
1	37	-1	1	-1
1	37	-1	1	-1
1	37	-1	1	-1
1	37	-1	1	-1
1	37	-1	1	-1
1	37	-1	1	-1
1	37	-1	1	-1
1	37	-1	1	-1
1	37	-1	1	-1
1	37	-1	1	-1
1	37	-1	1	-1
1	37	-1	1	-1
1	37	-1	1	-1
1	37	-1	1	-1
1	37	-1	1	-1
1	37	-1	1	-1
1	37	-1	1	-1
1	37	-1	1	-1
1	37	-1	1	-1
1	37	-1	1	-1
1	37	-1	1	-1
1	37	-1	1	-1
1	37	-1	1	-1
1	37	-1	1	-1
1	37	-1	1	-1
1	37	-1	1	-1
1	37	-1	1	-1
1	37	-1	1	-1
1	37	-1	1	-1
1	37	-1	1	-1
1	37	-1	1	-1
1	37	-1	1	-1
1	37	-1	1	-1
1	37	-1	1	-1
1	37	-1	1	-1
1	37	-1	1	-1
1	37	-1	1	-1
1	37	-1	1	-1
4	37	-1	1	-1
4	37	-1	1	-1
4	37	-1	1	-1
4	37	-1	1	-1
4	37	-1	1	-1
4	37	-1	1	-1
4	37	-1	1	-1
4	37	-1	1	-1
4	37	-1	1	-1
4	37	-1	1	-1
4	37	-1	1	-1
4	37	-1	1	-1
4	37	-1	1	-1
4	37	-1	1	-1
4	37	-1	1	-1
4	37	-1	1	-1
4	37	-1	1	-1
4	37	-1	1	-1
4	37	-1	1	-1
4	37	-1	1	-1
4	37	-1	1	-1
4	37	-1	1	-1
4	37	-1	1	-1
4	37	-1	1	-1
4	37	-1	1	-1
4	37	-1	1	-1
4	37	-1	1	-1
4	36	-1	1	-1
4	36	-1	1	-1
4	36	-1	1	-1
4	36	-1	1	-1
4	36	-1	1	-1
4	36	-1	1	-1
4	36	-1	1	-1
4	36	-1	1	-1
4	36	-1	1	-1
4	36	-1	1	-1
4	36	-1	1	-1
4	36	-1	1	-1
4	36	-1	1	-1
4	36	-1	1	-1
4	36	-1	1	-1
4	36	-1	1	-1
4	36	-1	1	-1
4	36	-1	1	-1
4	36	-1	1	-1
4	36	-1	1	-1
4	36	-1	1	-1
4	36	-1	1	-1
4	36	-1	1	-1
4	36	-1	1	-1
4	36	-1	1	-1
4	36	-1	1	-1
4	36	-1	1	-1
4	36	-1	1	-1
4	36	-1	1	-1
4	36	-1	1	-1
4	36	-1	1	-1
4	36	-1	1	-1
4	36	-1	1	-1
4	36	-1	1	-1
4	36	-1	1	-1
4	36	-1	1	-1
4	36	-1	1	-1
4	36	-1	1	-1
4	36	-1	1	-1
4	36	-1	1	-1
4	36	-1	1	-1
4	38	-1	1	-1
4	38	-1	1	-1
4	38	-1	1	-1
4	38	-1	1	-1
4	38	-1	1	-1
4	38	-1	1	-1
4	38	-1	1	-1
4	38	-1	1	-1
4	38	-1	1	-1
4	38	-1	1	-1
4	38	-1	1	-1
4	38	-1	1	-1
4	38	-1	1	-1
4	38	-1	1	-1
4	38	-1	1	-1
4	38	-1	1	-1
4	38	-1	1	-1
4	38	-1	1	-1
4	39	-1	1	-1
4	39	-1	1	-1
4	39	-1	1	-1
4	39	-1	1	-1
4	39	-1	1	-1
4	39	-1	1	-1
4	39	-1	1	-1
4	39	-1	1	-1
4	39	-1	1	-1
4	39	-1	1	-1
4	39	-1	1	-1
4	39	-1	1	-1
4	39	-1	1	-1
4	39	-1	1	-1
4	39	-1	1	-1
4	39	-1	1	-1
4	39	-1	1	-1
4	40	-1	1	-1
4	40	-1	1	-1
4	40	-1	1	-1
4	40	-1	1	-1
4	40	-1	1	-1
4	40	-1	1	-1
4	40	-1	1	-1
4	40	-1	1	-1
4	40	-1	1	-1
4	40	-1	1	-1
4	40	-1	1	-1
4	40	-1	1	-1
4	40	-1	1	-1
4	40	-1	1	-1
4	40	-1	1	-1
4	40	-1	1	-1
4	40	-1	1	-1
4	40	-1	1	-1
4	40	-1	1	-1
4	40	-1	1	-1
4	40	-1	1	-1
4	40	-1	1	-1
4	40	-1	1	-1
4	40	-1	1	-1
4	40	-1	1	-1
4	40	-1	1	-1
4	41	-1	1	-1
4	41	-1	1	-1
4	41	-1	1	-1
4	41	-1	1	-1
4	41	-1	1	-1
4	41	-1	1	-1
4	41	-1	1	-1
4	41	-1	1	-1
4	41	-1	1	-1
4	41	-1	1	-1
4	41	-1	1	-1
4	41	-1	1	-1
4	41	-1	1	-1
4	41	-1	1	-1
4	41	-1	1	-1
4	41	-1	1	-1
4	41	-1	1	-1
4	41	-1	1	-1
4	41	-1	1	-1
4	41	-1	1	-1
4	41	-1	1	-1
4	41	-1	1	-1
4	41	-1	1	-1
4	41	-1	1	-1
4	41	-1	1	-1
4	41	-1	1	-1
4	41	-1	1	-1
4	41	-1	1	-1
4	41	-1	1	-1
4	41	-1	1	-1
4	41	-1	1	-1
4	41	-1	1	-1
4	41	-1	1	-1
4	41	-1	1	-1
4	41	-1	1	-1
4	41	-1	1	-1
4	41	-1	1	-1
4	41	-1	1	-1
4	41	-1	1	-1
4	41	-1	1	-1
4	41	-1	1	-1
4	41	-1	1	-1
4	41	-1	1	-1
4	41	-1	1	-1
4	41	-1	1	-1
4	41	-1	1	-1
4	41	-1	1	-1
4	41	-1	1	-1
4	41	-1	1	-1
4	41	-1	1	-1
4	41	-1	1	-1
4	41	-1	1	-1
4	41	-1	1	-1
4	41	-1	1	-1
4	41	-1	1	-1
4	41	-1	1	-1
4	41	-1	1	-1
4	41	-1	1	-1
4	41	-1	1	-1
4	41	-1	1	-1
4	41	-1	1	-1
4	41	-1	1	-1
4	41	-1	1	-1
4	41	-1	1	-1
4	41	-1	1	-1
4	41	-1	1	-1
4	41	-1	1	-1
4	41	-1	1	-1
6	42	-1	1	-1
6	42	-1	1	-1
6	42	-1	1	-1
6	42	-1	1	-1
6	42	-1	1	-1
6	42	-1	1	-1
6	42	-1	1	-1
6	42	-1	1	-1
6	42	-1	1	-1
6	42	-1	1	-1
6	42	-1	1	-1
6	42	-1	1	-1
6	42	-1	1	-1
6	42	-1	1	-1
6	42	-1	1	-1
6	42	-1	1	-1
6	42	-1	1	-1
6	42	-1	1	-1
6	42	-1	1	-1
6	42	-1	1	-1
6	42	-1	1	-1
6	42	-1	1	-1
6	42	-1	1	-1
6	42	-1	1	-1
6	42	-1	1	-1
6	42	-1	1	-1
6	42	-1	1	-1
6	42	-1	1	-1
6	42	-1	1	-1
6	42	-1	1	-1
6	42	-1	1	-1
6	42	-1	1	-1
6	42	-1	1	-1
6	42	-1	1	-1
6	42	-1	1	-1
6	42	-1	1	-1
6	42	-1	1	-1
6	42	-1	1	-1
6	42	-1	1	-1
6	42	-1	1	-1
6	42	-1	1	-1
6	42	-1	1	-1
6	42	-1	1	-1
6	42	-1	1	-1
6	42	-1	1	-1
6	42	-1	1	-1
6	42	-1	1	-1
6	42	-1	1	-1
6	42	-1	1	-1
6	42	-1	1	-1
6	42	-1	1	-1
6	42	-1	1	-1
6	42	-1	1	-1
6	42	-1	1	-1
6	42	-1	1	-1
6	42	-1	1	-1
6	42	-1	1	-1
6	42	-1	1	-1
6	42	-1	1	-1
6	42	-1	1	-1
6	43	-1	1	-1
6	43	-1	1	-1
6	43	-1	1	-1
6	43	-1	1	-1
6	43	-1	1	-1
6	43	-1	1	-1
6	43	-1	1	-1
6	43	-1	1	-1
6	43	-1	1	-1
6	43	-1	1	-1
6	43	-1	1	-1
6	43	-1	1	-1
6	43	-1	1	-1
6	43	-1	1	-1
6	43	-1	1	-1
6	43	-1	1	-1
6	43	-1	1	-1
6	43	-1	1	-1
6	43	-1	1	-1
6	43	-1	1	-1
6	43	-1	1	-1
6	43	-1	1	-1
6	43	-1	1	-1
6	43	-1	1	-1
6	43	-1	1	-1
6	43	-1	1	-1
6	43	-1	1	-1
6	43	-1	1	-1
6	43	-1	1	-1
6	43	-1	1	-1
6	43	-1	1	-1
6	43	-1	1	-1
6	43	-1	1	-1
6	43	-1	1	-1
6	43	-1	1	-1
6	43	-1	1	-1
6	43	-1	1	-1
6	43	-1	1	-1
6	43	-1	1	-1
4	44	-1	1	-1
4	44	-1	1	-1
4	44	-1	1	-1
4	44	-1	1	-1
4	44	-1	1	-1
4	44	-1	1	-1
4	44	-1	1	-1
4	44	-1	1	-1
4	44	-1	1	-1
4	44	-1	1	-1
4	44	-1	1	-1
4	44	-1	1	-1
4	44	-1	1	-1
4	44	-1	1	-1
4	44	-1	1	-1
4	44	-1	1	-1
4	44	-1	1	-1
4	44	-1	1	-1
4	44	-1	1	-1
4	44	-1	1	-1
4	44	-1	1	-1
4	44	-1	1	-1
4	44	-1	1	-1
4	44	-1	1	-1
4	44	-1	1	-1
4	44	-1	1	-1
4	44	-1	1	-1
4	44	-1	1	-1
4	44	-1	1	-1
4	44	-1	1	-1
4	44	-1	1	-1
4	44	-1	1	-1
4	44	-1	1	-1
4	44	-1	1	-1
4	44	-1	1	-1
4	44	-1	1	-1
4	44	-1	1	-1
4	44	-1	1	-1
4	44	-1	1	-1
4	44	-1	1	-1
4	44	-1	1	-1
4	44	-1	1	-1
4	44	-1	1	-1
4	44	-1	1	-1
4	44	-1	1	-1
4	44	-1	1	-1
4	44	-1	1	-1
4	44	-1	1	-1
4	44	-1	1	-1
4	44	-1	1	-1
4	44	-1	1	-1
4	44	-1	1	-1
4	44	-1	1	-1
4	44	-1	1	-1
4	44	-1	1	-1
4	44	-1	1	-1
4	45	-1	1	-1
4	45	-1	1	-1
4	45	-1	1	-1
4	45	-1	1	-1
4	45	-1	1	-1
4	45	-1	1	-1
4	45	-1	1	-1
4	45	-1	1	-1
4	45	-1	1	-1
4	45	-1	1	-1
4	45	-1	1	-1
4	45	-1	1	-1
4	45	-1	1	-1
4	45	-1	1	-1
4	45	-1	1	-1
4	45	-1	1	-1
4	45	-1	1	-1
4	45	-1	1	-1
4	45	-1	1	-1
4	45	-1	1	-1
4	45	-1	1	-1
4	45	-1	1	-1
4	45	-1	1	-1
4	45	-1	1	-1
4	45	-1	1	-1
4	45	-1	1	-1
4	45	-1	1	-1
4	45	-1	1	-1
4	45	-1	1	-1
4	45	-1	1	-1
4	45	-1	1	-1
4	45	-1	1	-1
4	45	-1	1	-1
4	45	-1	1	-1
4	45	-1	1	-1
4	45	-1	1	-1
4	45	-1	1	-1
4	45	-1	1	-1
4	45	-1	1	-1
4	45	-1	1	-1
4	45	-1	1	-1
4	45	-1	1	-1
4	45	-1	1	-1
4	45	-1	1	-1
4	45	-1	1	-1
4	45	-1	1	-1
4	45	-1	1	-1
4	45	-1	1	-1
4	45	-1	1	-1
4	45	-1	1	-1
4	45	-1	1	-1
4	45	-1	1	-1
4	45	-1	1	-1
4	46	-1	1	-1
4	46	-1	1	-1
4	46	-1	1	-1
4	46	-1	1	-1
4	46	-1	1	-1
4	46	-1	1	-1
4	46	-1	1	-1
4	46	-1	1	-1
4	46	-1	1	-1
4	46	-1	1	-1
4	46	-1	1	-1
4	46	-1	1	-1
4	46	-1	1	-1
4	46	-1	1	-1
4	46	-1	1	-1
4	46	-1	1	-1
4	46	-1	1	-1
4	46	-1	1	-1
4	46	-1	1	-1
4	46	-1	1	-1
4	46	-1	1	-1
4	46	-1	1	-1
4	46	-1	1	-1
4	46	-1	1	-1
4	46	-1	1	-1
4	46	-1	1	-1
4	46	-1	1	-1
4	46	-1	1	-1
4	46	-1	1	-1
4	46	-1	1	-1
4	46	-1	1	-1
4	46	-1	1	-1
4	46	-1	1	-1
4	46	-1	1	-1
4	46	-1	1	-1
4	46	-1	1	-1
4	46	-1	1	-1
4	46	-1	1	-1
4	46	-1	1	-1
4	46	-1	1	-1
4	46	-1	1	-1
4	46	-1	1	-1
4	46	-1	1	-1
4	46	-1	1	-1
4	46	-1	1	-1
4	46	-1	1	-1
4	46	-1	1	-1
4	46	-1	1	-1
4	46	-1	1	-1
4	46	-1	1	-1
4	46	-1	1	-1
4	46	-1	1	-1
4	46	-1	1	-1
4	47	-1	1	-1
4	47	-1	1	-1
4	47	-1	1	-1
4	47	-1	1	-1
4	47	-1	1	-1
4	47	-1	1	-1
4	47	-1	1	-1
4	47	-1	1	-1
4	47	-1	1	-1
4	47	-1	1	-1
4	47	-1	1	-1
4	47	-1	1	-1
4	47	-1	1	-1
4	47	-1	1	-1
4	47	-1	1	-1
4	47	-1	1	-1
4	47	-1	1	-1
4	47	-1	1	-1
4	47	-1	1	-1
4	47	-1	1	-1
4	48	-1	1	-1
4	48	-1	1	-1
4	48	-1	1	-1
4	48	-1	1	-1
4	48	-1	1	-1
4	48	-1	1	-1
4	48	-1	1	-1
4	48	-1	1	-1
4	48	-1	1	-1
4	48	-1	1	-1
4	48	-1	1	-1
4	48	-1	1	-1
4	48	-1	1	-1
4	48	-1	1	-1
4	48	-1	1	-1
4	48	-1	1	-1
4	48	-1	1	-1
4	48	-1	1	-1
4	48	-1	1	-1
4	48	-1	1	-1
4	48	-1	1	-1
4	48	-1	1	-1
4	48	-1	1	-1
4	48	-1	1	-1
4	48	-1	1	-1
4	48	-1	1	-1
4	48	-1	1	-1
4	48	-1	1	-1
4	48	-1	1	-1
4	48	-1	1	-1
4	48	-1	1	-1
4	48	-1	1	-1
4	48	-1	1	-1
4	48	-1	1	-1
4	48	-1	1	-1
4	48	-1	1	-1
4	48	-1	1	-1
4	48	-1	1	-1
4	48	-1	1	-1
4	48	-1	1	-1
4	48	-1	1	-1
4	48	-1	1	-1
4	48	-1	1	-1
4	48	-1	1	-1
4	48	-1	1	-1
4	48	-1	1	-1
4	48	-1	1	-1
4	48	-1	1	-1
4	48	-1	1	-1
4	49	-1	1	-1
4	49	-1	1	-1
4	49	-1	1	-1
4	49	-1	1	-1
4	49	-1	1	-1
4	49	-1	1	-1
4	49	-1	1	-1
4	49	-1	1	-1
4	49	-1	1	-1
4	49	-1	1	-1
4	49	-1	1	-1
4	49	-1	1	-1
4	49	-1	1	-1
4	49	-1	1	-1
4	49	-1	1	-1
4	49	-1	1	-1
4	49	-1	1	-1
4	49	-1	1	-1
4	49	-1	1	-1
4	49	-1	1	-1
4	49	-1	1	-1
4	49	-1	1	-1
4	49	-1	1	-1
4	49	-1	1	-1
4	49	-1	1	-1
4	49	-1	1	-1
4	49	-1	1	-1
4	49	-1	1	-1
4	49	-1	1	-1
4	49	-1	1	-1
4	49	-1	1	-1
4	49	-1	1	-1
4	49	-1	1	-1
4	49	-1	1	-1
4	49	-1	1	-1
4	49	-1	1	-1
4	49	-1	1	-1
4	49	-1	1	-1
4	49	-1	1	-1
4	49	-1	1	-1
4	49	-1	1	-1
4	49	-1	1	-1
4	49	-1	1	-1
4	49	-1	1	-1
4	49	-1	1	-1
4	49	-1	1	-1
4	49	-1	1	-1
4	49	-1	1	-1
4	50	-1	1	-1
4	50	-1	1	-1
4	50	-1	1	-1
4	50	-1	1	-1
4	50	-1	1	-1
4	50	-1	1	-1
4	50	-1	1	-1
4	50	-1	1	-1
4	50	-1	1	-1
4	50	-1	1	-1
4	50	-1	1	-1
4	50	-1	1	-1
4	50	-1	1	-1
4	50	-1	1	-1
4	50	-1	1	-1
4	50	-1	1	-1
4	50	-1	1	-1
4	50	-1	1	-1
4	50	-1	1	-1
4	50	-1	1	-1
4	50	-1	1	-1
4	50	-1	1	-1
4	50	-1	1	-1
4	50	-1	1	-1
4	50	-1	1	-1
4	50	-1	1	-1
4	50	-1	1	-1
4	50	-1	1	-1
4	50	-1	1	-1
4	50	-1	1	-1
4	50	-1	1	-1
4	50	-1	1	-1
4	50	-1	1	-1
4	50	-1	1	-1
4	50	-1	1	-1
4	50	-1	1	-1
4	50	-1	1	-1
4	50	-1	1	-1
4	50	-1	1	-1
4	50	-1	1	-1
4	50	-1	1	-1
4	50	-1	1	-1
4	50	-1	1	-1
4	50	-1	1	-1
4	50	-1	1	-1
4	50	-1	1	-1
4	50	-1	1	-1
4	50	-1	1	-1
4	50	-1	1	-1
4	50	-1	1	-1
4	51	-1	1	-1
4	51	-1	1	-1
4	51	-1	1	-1
4	51	-1	1	-1
4	51	-1	1	-1
4	51	-1	1	-1
4	51	-1	1	-1
4	51	-1	1	-1
4	51	-1	1	-1
4	51	-1	1	-1
4	51	-1	1	-1
4	51	-1	1	-1
4	51	-1	1	-1
4	51	-1	1	-1
4	51	-1	1	-1
4	51	-1	1	-1
4	51	-1	1	-1
4	51	-1	1	-1
4	51	-1	1	-1
4	51	-1	1	-1
4	51	-1	1	-1
4	51	-1	1	-1
4	51	-1	1	-1
4	51	-1	1	-1
4	51	-1	1	-1
4	51	-1	1	-1
4	51	-1	1	-1
4	51	-1	1	-1
4	51	-1	1	-1
4	51	-1	1	-1
4	51	-1	1	-1
4	51	-1	1	-1
4	51	-1	1	-1
4	52	-1	1	-1
4	52	-1	1	-1
4	52	-1	1	-1
4	52	-1	1	-1
4	52	-1	1	-1
4	52	-1	1	-1
4	52	-1	1	-1
4	52	-1	1	-1
4	52	-1	1	-1
4	52	-1	1	-1
4	52	-1	1	-1
4	52	-1	1	-1
4	52	-1	1	-1
4	52	-1	1	-1
4	52	-1	1	-1
4	52	-1	1	-1
4	52	-1	1	-1
4	52	-1	1	-1
4	52	-1	1	-1
4	52	-1	1	-1
4	52	-1	1	-1
4	52	-1	1	-1
4	52	-1	1	-1
4	52	-1	1	-1
4	52	-1	1	-1
4	52	-1	1	-1
4	52	-1	1	-1
4	52	-1	1	-1
4	52	-1	1	-1
4	52	-1	1	-1
4	52	-1	1	-1
4	52	-1	1	-1
6	53	-1	1	-1
6	53	-1	1	-1
6	53	-1	1	-1
6	53	-1	1	-1
6	53	-1	1	-1
6	53	-1	1	-1
6	53	-1	1	-1
6	53	-1	1	-1
6	53	-1	1	-1
6	53	-1	1	-1
6	53	-1	1	-1
6	53	-1	1	-1
6	53	-1	1	-1
6	53	-1	1	-1
6	53	-1	1	-1
6	53	-1	1	-1
6	53	-1	1	-1
6	53	-1	1	-1
6	53	-1	1	-1
6	53	-1	1	-1
6	53	-1	1	-1
6	53	-1	1	-1
6	53	-1	1	-1
6	53	-1	1	-1
6	53	-1	1	-1
6	53	-1	1	-1
6	53	-1	1	-1
6	53	-1	1	-1
6	53	-1	1	-1
6	53	-1	1	-1
4	54	-1	1	-1
4	54	-1	1	-1
4	54	-1	1	-1
4	54	-1	1	-1
4	54	-1	1	-1
4	54	-1	1	-1
4	54	-1	1	-1
4	54	-1	1	-1
4	54	-1	1	-1
4	54	-1	1	-1
4	54	-1	1	-1
4	54	-1	1	-1
4	54	-1	1	-1
4	54	-1	1	-1
4	54	-1	1	-1
4	54	-1	1	-1
4	54	-1	1	-1
4	54	-1	1	-1
4	54	-1	1	-1
4	54	-1	1	-1
4	54	-1	1	-1
4	54	-1	1	-1
4	54	-1	1	-1
4	54	-1	1	-1
4	54	-1	1	-1
4	54	-1	1	-1
4	54	-1	1	-1
4	54	-1	1	-1
4	54	-1	1	-1
4	54	-1	1	-1
4	54	-1	1	-1
4	54	-1	1	-1
4	54	-1	1	-1
4	54	-1	1	-1
4	54	-1	1	-1
4	54	-1	1	-1
4	54	-1	1	-1
4	54	-1	1	-1
4	54	-1	1	-1
4	54	-1	1	-1
4	54	-1	1	-1
4	54	-1	1	-1
4	54	-1	1	-1
4	54	-1	1	-1
4	54	-1	1	-1
4	54	-1	1	-1
4	54	-1	1	-1
4	54	-1	1	-1
4	54	-1	1	-1
4	54	-1	1	-1
4	54	-1	1	-1
4	54	-1	1	-1
4	54	-1	1	-1
4	54	-1	1	-1
4	54	-1	1	-1
4	54	-1	1	-1
4	54	-1	1	-1
4	54	-1	1	-1
4	54	-1	1	-1
4	54	-1	1	-1
4	55	-1	1	-1
4	55	-1	1	-1
4	55	-1	1	-1
4	55	-1	1	-1
4	55	-1	1	-1
4	55	-1	1	-1
4	55	-1	1	-1
4	55	-1	1	-1
4	55	-1	1	-1
4	55	-1	1	-1
4	55	-1	1	-1
4	55	-1	1	-1
4	55	-1	1	-1
4	55	-1	1	-1
4	55	-1	1	-1
4	55	-1	1	-1
4	55	-1	1	-1
4	55	-1	1	-1
4	55	-1	1	-1
4	55	-1	1	-1
4	55	-1	1	-1
4	55	-1	1	-1
4	55	-1	1	-1
4	55	-1	1	-1
4	55	-1	1	-1
4	55	-1	1	-1
4	55	-1	1	-1
4	55	-1	1	-1
4	55	-1	1	-1
4	55	-1	1	-1
4	55	-1	1	-1
4	55	-1	1	-1
4	55	-1	1	-1
4	55	-1	1	-1
4	55	-1	1	-1
4	55	-1	1	-1
4	55	-1	1	-1
4	55	-1	1	-1
4	55	-1	1	-1
4	55	-1	1	-1
4	55	-1	1	-1
4	55	-1	1	-1
4	55	-1	1	-1
4	55	-1	1	-1
4	55	-1	1	-1
4	55	-1	1	-1
4	55	-1	1	-1
4	55	-1	1	-1
4	55	-1	1	-1
4	55	-1	1	-1
4	55	-1	1	-1
4	55	-1	1	-1
4	55	-1	1	-1
4	55	-1	1	-1
4	55	-1	1	-1
4	56	-1	1	-1
4	56	-1	1	-1
4	56	-1	1	-1
4	56	-1	1	-1
4	56	-1	1	-1
4	56	-1	1	-1
4	56	-1	1	-1
4	56	-1	1	-1
4	56	-1	1	-1
4	56	-1	1	-1
4	56	-1	1	-1
4	56	-1	1	-1
4	56	-1	1	-1
4	56	-1	1	-1
4	56	-1	1	-1
4	56	-1	1	-1
4	56	-1	1	-1
4	56	-1	1	-1
4	56	-1	1	-1
4	56	-1	1	-1
4	56	-1	1	-1
4	56	-1	1	-1
4	56	-1	1	-1
4	56	-1	1	-1
4	56	-1	1	-1
4	56	-1	1	-1
4	56	-1	1	-1
4	56	-1	1	-1
4	56	-1	1	-1
4	56	-1	1	-1
4	56	-1	1	-1
4	56	-1	1	-1
4	56	-1	1	-1
4	56	-1	1	-1
4	56	-1	1	-1
4	56	-1	1	-1
4	56	-1	1	-1
4	56	-1	1	-1
4	56	-1	1	-1
4	56	-1	1	-1
4	56	-1	1	-1
4	56	-1	1	-1
4	56	-1	1	-1
4	56	-1	1	-1
4	56	-1	1	-1
4	56	-1	1	-1
4	56	-1	1	-1
4	56	-1	1	-1
4	56	-1	1	-1
4	56	-1	1	-1
4	56	-1	1	-1
4	56	-1	1	-1
4	56	-1	1	-1
4	56	-1	1	-1
4	56	-1	1	-1
4	56	-1	1	-1
4	56	-1	1	-1
4	56	-1	1	-1
4	56	-1	1	-1
4	56	-1	1	-1
4	56	-1	1	-1
4	56	-1	1	-1
4	56	-1	1	-1
4	56	-1	1	-1
4	56	-1	1	-1
4	56	-1	1	-1
4	56	-1	1	-1
4	56	-1	1	-1
4	56	-1	1	-1
4	56	-1	1	-1
4	56	-1	1	-1
4	56	-1	1	-1
4	56	-1	1	-1
4	56	-1	1	-1
4	56	-1	1	-1
4	56	-1	1	-1
4	56	-1	1	-1
4	56	-1	1	-1
4	56	-1	1	-1
4	56	-1	1	-1
4	56	-1	1	-1
4	56	-1	1	-1
4	56	-1	1	-1
4	56	-1	1	-1
4	56	-1	1	-1
4	56	-1	1	-1
4	56	-1	1	-1
4	56	-1	1	-1
4	56	-1	1	-1
4	56	-1	1	-1
4	56	-1	1	-1
4	57	-1	1	-1
4	57	-1	1	-1
4	57	-1	1	-1
4	57	-1	1	-1
4	57	-1	1	-1
4	57	-1	1	-1
4	57	-1	1	-1
4	57	-1	1	-1
4	57	-1	1	-1
4	57	-1	1	-1
4	57	-1	1	-1
4	57	-1	1	-1
4	57	-1	1	-1
4	57	-1	1	-1
4	57	-1	1	-1
4	57	-1	1	-1
4	57	-1	1	-1
4	57	-1	1	-1
4	57	-1	1	-1
4	57	-1	1	-1
4	57	-1	1	-1
4	57	-1	1	-1
4	57	-1	1	-1
4	57	-1	1	-1
4	57	-1	1	-1
4	57	-1	1	-1
4	57	-1	1	-1
4	57	-1	1	-1
4	57	-1	1	-1
4	57	-1	1	-1
4	57	-1	1	-1
4	57	-1	1	-1
4	57	-1	1	-1
4	57	-1	1	-1
4	57	-1	1	-1
4	57	-1	1	-1
4	57	-1	1	-1
4	57	-1	1	-1
4	57	-1	1	-1
4	57	-1	1	-1
4	57	-1	1	-1
4	57	-1	1	-1
4	57	-1	1	-1
4	57	-1	1	-1
4	57	-1	1	-1
4	57	-1	1	-1
4	57	-1	1	-1
4	57	-1	1	-1
4	57	-1	1	-1
4	57	-1	1	-1
4	57	-1	1	-1
4	57	-1	1	-1
4	57	-1	1	-1
4	57	-1	1	-1
4	57	-1	1	-1
4	57	-1	1	-1
4	57	-1	1	-1
4	57	-1	1	-1
4	57	-1	1	-1
4	57	-1	1	-1
4	57	-1	1	-1
4	58	-1	1	-1
4	58	-1	1	-1
4	58	-1	1	-1
4	58	-1	1	-1
4	58	-1	1	-1
4	58	-1	1	-1
4	58	-1	1	-1
4	58	-1	1	-1
4	58	-1	1	-1
4	58	-1	1	-1
4	58	-1	1	-1
4	58	-1	1	-1
4	58	-1	1	-1
4	58	-1	1	-1
4	58	-1	1	-1
4	58	-1	1	-1
4	58	-1	1	-1
4	58	-1	1	-1
4	58	-1	1	-1
4	58	-1	1	-1
4	58	-1	1	-1
4	58	-1	1	-1
4	58	-1	1	-1
4	58	-1	1	-1
4	58	-1	1	-1
4	58	-1	1	-1
4	58	-1	1	-1
4	58	-1	1	-1
4	58	-1	1	-1
4	58	-1	1	-1
4	58	-1	1	-1
4	58	-1	1	-1
4	58	-1	1	-1
4	58	-1	1	-1
4	58	-1	1	-1
4	58	-1	1	-1
4	58	-1	1	-1
4	58	-1	1	-1
4	58	-1	1	-1
4	58	-1	1	-1
4	58	-1	1	-1
4	58	-1	1	-1
4	58	-1	1	-1
4	58	-1	1	-1
4	58	-1	1	-1
4	58	-1	1	-1
4	58	-1	1	-1
4	58	-1	1	-1
4	58	-1	1	-1
4	58	-1	1	-1
4	58	-1	1	-1
4	58	-1	1	-1
4	58	-1	1	-1
4	58	-1	1	-1
4	58	-1	1	-1
4	58	-1	1	-1
4	59	-1	1	-1
4	59	-1	1	-1
4	59	-1	1	-1
4	59	-1	1	-1
4	59	-1	1	-1
4	59	-1	1	-1
4	59	-1	1	-1
4	59	-1	1	-1
4	59	-1	1	-1
4	59	-1	1	-1
4	59	-1	1	-1
4	59	-1	1	-1
4	59	-1	1	-1
4	59	-1	1	-1
4	59	-1	1	-1
4	59	-1	1	-1
4	59	-1	1	-1
4	59	-1	1	-1
4	59	-1	1	-1
4	59	-1	1	-1
4	59	-1	1	-1
4	59	-1	1	-1
4	59	-1	1	-1
4	59	-1	1	-1
4	59	-1	1	-1
4	59	-1	1	-1
4	59	-1	1	-1
4	59	-1	1	-1
4	59	-1	1	-1
4	59	-1	1	-1
4	59	-1	1	-1
4	59	-1	1	-1
4	59	-1	1	-1
4	59	-1	1	-1
4	59	-1	1	-1
4	59	-1	1	-1
4	59	-1	1	-1
4	59	-1	1	-1
4	59	-1	1	-1
4	59	-1	1	-1
4	59	-1	1	-1
4	59	-1	1	-1
4	59	-1	1	-1
4	61	-1	1	-1
4	61	-1	1	-1
4	61	-1	1	-1
4	61	-1	1	-1
4	61	-1	1	-1
4	61	-1	1	-1
4	61	-1	1	-1
4	61	-1	1	-1
4	61	-1	1	-1
4	61	-1	1	-1
4	61	-1	1	-1
4	61	-1	1	-1
4	61	-1	1	-1
4	61	-1	1	-1
4	61	-1	1	-1
4	61	-1	1	-1
4	61	-1	1	-1
4	61	-1	1	-1
4	61	-1	1	-1
4	61	-1	1	-1
4	61	-1	1	-1
4	61	-1	1	-1
4	61	-1	1	-1
4	61	-1	1	-1
4	61	-1	1	-1
4	61	-1	1	-1
4	61	-1	1	-1
4	61	-1	1	-1
4	61	-1	1	-1
4	61	-1	1	-1
4	61	-1	1	-1
4	61	-1	1	-1
4	61	-1	1	-1
4	61	-1	1	-1
4	61	-1	1	-1
4	61	-1	1	-1
4	61	-1	1	-1
4	61	-1	1	-1
4	61	-1	1	-1
4	61	-1	1	-1
4	61	-1	1	-1
4	61	-1	1	-1
4	61	-1	1	-1
4	61	-1	1	-1
4	61	-1	1	-1
4	61	-1	1	-1
4	61	-1	1	-1
4	61	-1	1	-1
4	61	-1	1	-1
4	61	-1	1	-1
4	61	-1	1	-1
4	61	-1	1	-1
4	61	-1	1	-1
4	61	-1	1	-1
4	61	-1	1	-1
4	61	-1	1	-1
4	61	-1	1	-1
4	61	-1	1	-1
4	61	-1	1	-1
4	61	-1	1	-1
4	61	-1	1	-1
4	61	-1	1	-1
4	61	-1	1	-1
4	61	-1	1	-1
4	61	-1	1	-1
4	61	-1	1	-1
4	61	-1	1	-1
4	61	-1	1	-1
4	61	-1	1	-1
4	61	-1	1	-1
4	61	-1	1	-1
4	61	-1	1	-1
4	61	-1	1	-1
4	61	-1	1	-1
4	61	-1	1	-1
4	61	-1	1	-1
4	61	-1	1	-1
4	61	-1	1	-1
4	61	-1	1	-1
4	61	-1	1	-1
4	61	-1	1	-1
4	62	-1	1	-1
4	62	-1	1	-1
4	62	-1	1	-1
4	62	-1	1	-1
4	62	-1	1	-1
4	62	-1	1	-1
4	62	-1	1	-1
4	62	-1	1	-1
4	62	-1	1	-1
4	62	-1	1	-1
4	62	-1	1	-1
4	62	-1	1	-1
4	62	-1	1	-1
4	62	-1	1	-1
4	62	-1	1	-1
4	62	-1	1	-1
4	62	-1	1	-1
4	62	-1	1	-1
4	62	-1	1	-1
4	62	-1	1	-1
4	62	-1	1	-1
4	62	-1	1	-1
4	62	-1	1	-1
4	62	-1	1	-1
4	62	-1	1	-1
4	62	-1	1	-1
4	62	-1	1	-1
4	62	-1	1	-1
4	62	-1	1	-1
4	62	-1	1	-1
4	62	-1	1	-1
4	62	-1	1	-1
4	62	-1	1	-1
4	62	-1	1	-1
4	62	-1	1	-1
4	62	-1	1	-1
4	62	-1	1	-1
4	62	-1	1	-1
4	62	-1	1	-1
4	62	-1	1	-1
4	62	-1	1	-1
4	62	-1	1	-1
4	62	-1	1	-1
4	62	-1	1	-1
4	62	-1	1	-1
4	62	-1	1	-1
4	62	-1	1	-1
4	62	-1	1	-1
4	62	-1	1	-1
4	62	-1	1	-1
4	62	-1	1	-1
4	62	-1	1	-1
4	62	-1	1	-1
4	62	-1	1	-1
4	62	-1	1	-1
4	62	-1	1	-1
4	62	-1	1	-1
4	62	-1	1	-1
4	62	-1	1	-1
4	62	-1	1	-1
4	62	-1	1	-1
4	62	-1	1	-1
4	62	-1	1	-1
4	62	-1	1	-1
4	62	-1	1	-1
4	62	-1	1	-1
4	62	-1	1	-1
4	62	-1	1	-1
4	62	-1	1	-1
4	62	-1	1	-1
4	62	-1	1	-1
4	62	-1	1	-1
4	62	-1	1	-1
4	62	-1	1	-1
4	62	-1	1	-1
4	62	-1	1	-1
4	62	-1	1	-1
4	62	-1	1	-1
4	62	-1	1	-1
4	62	-1	1	-1
4	62	-1	1	-1
4	62	-1	1	-1
4	62	-1	1	-1
4	62	-1	1	-1
4	62	-1	1	-1
4	62	-1	1	-1
4	62	-1	1	-1
4	63	-1	1	-1
4	63	-1	1	-1
4	63	-1	1	-1
4	63	-1	1	-1
4	63	-1	1	-1
4	63	-1	1	-1
4	63	-1	1	-1
4	63	-1	1	-1
4	63	-1	1	-1
4	63	-1	1	-1
4	63	-1	1	-1
4	63	-1	1	-1
4	63	-1	1	-1
4	63	-1	1	-1
4	63	-1	1	-1
4	63	-1	1	-1
4	63	-1	1	-1
4	63	-1	1	-1
4	63	-1	1	-1
4	63	-1	1	-1
4	63	-1	1	-1
4	63	-1	1	-1
4	63	-1	1	-1
4	63	-1	1	-1
4	63	-1	1	-1
4	63	-1	1	-1
4	63	-1	1	-1
4	63	-1	1	-1
4	63	-1	1	-1
4	63	-1	1	-1
4	63	-1	1	-1
4	63	-1	1	-1
4	63	-1	1	-1
4	63	-1	1	-1
4	63	-1	1	-1
4	63	-1	1	-1
4	63	-1	1	-1
4	63	-1	1	-1
4	63	-1	1	-1
4	63	-1	1	-1
4	63	-1	1	-1
4	63	-1	1	-1
4	63	-1	1	-1
4	63	-1	1	-1
4	63	-1	1	-1
4	63	-1	1	-1
4	63	-1	1	-1
4	63	-1	1	-1
4	63	-1	1	-1
4	63	-1	1	-1
4	63	-1	1	-1
4	63	-1	1	-1
4	63	-1	1	-1
4	63	-1	1	-1
4	63	-1	1	-1
4	63	-1	1	-1
4	63	-1	1	-1
4	63	-1	1	-1
4	63	-1	1	-1
4	63	-1	1	-1
4	63	-1	1	-1
4	63	-1	1	-1
4	63	-1	1	-1
4	63	-1	1	-1
4	63	-1	1	-1
4	63	-1	1	-1
4	63	-1	1	-1
4	63	-1	1	-1
4	63	-1	1	-1
4	63	-1	1	-1
4	64	-1	1	-1
4	64	-1	1	-1
4	64	-1	1	-1
4	64	-1	1	-1
4	64	-1	1	-1
4	64	-1	1	-1
4	64	-1	1	-1
4	64	-1	1	-1
4	64	-1	1	-1
4	64	-1	1	-1
4	64	-1	1	-1
4	64	-1	1	-1
4	64	-1	1	-1
4	64	-1	1	-1
4	64	-1	1	-1
4	64	-1	1	-1
4	64	-1	1	-1
4	64	-1	1	-1
4	64	-1	1	-1
4	64	-1	1	-1
4	64	-1	1	-1
4	64	-1	1	-1
4	64	-1	1	-1
4	64	-1	1	-1
4	64	-1	1	-1
4	64	-1	1	-1
4	64	-1	1	-1
4	64	-1	1	-1
4	64	-1	1	-1
4	64	-1	1	-1
4	64	-1	1	-1
4	64	-1	1	-1
4	64	-1	1	-1
4	60	-1	1	-1
4	60	-1	1	-1
4	60	-1	1	-1
4	60	-1	1	-1
4	60	-1	1	-1
4	60	-1	1	-1
4	60	-1	1	-1
4	60	-1	1	-1
4	60	-1	1	-1
4	60	-1	1	-1
4	60	-1	1	-1
4	60	-1	1	-1
4	60	-1	1	-1
4	60	-1	1	-1
4	60	-1	1	-1
4	60	-1	1	-1
4	60	-1	1	-1
4	60	-1	1	-1
4	60	-1	1	-1
4	60	-1	1	-1
4	60	-1	1	-1
4	60	-1	1	-1
4	60	-1	1	-1
4	60	-1	1	-1
4	60	-1	1	-1
4	60	-1	1	-1
4	60	-1	1	-1
4	60	-1	1	-1
4	60	-1	1	-1
4	60	-1	1	-1
4	60	-1	1	-1
4	60	-1	1	-1
4	60	-1	1	-1
4	60	-1	1	-1
4	60	-1	1	-1
4	60	-1	1	-1
4	60	-1	1	-1
4	60	-1	1	-1
4	60	-1	1	-1
4	60	-1	1	-1
4	60	-1	1	-1
4	60	-1	1	-1
4	60	-1	1	-1
4	60	-1	1	-1
4	60	-1	1	-1
4	60	-1	1	-1
4	60	-1	1	-1
4	60	-1	1	-1
4	60	-1	1	-1
4	60	-1	1	-1
4	60	-1	1	-1
4	60	-1	1	-1
4	60	-1	1	-1
4	60	-1	1	-1
4	60	-1	1	-1
4	60	-1	1	-1
4	60	-1	1	-1
4	60	-1	1	-1
4	60	-1	1	-1
4	60	-1	1	-1
4	60	-1	1	-1
4	65	-1	1	-1
4	65	-1	1	-1
4	65	-1	1	-1
4	65	-1	1	-1
4	65	-1	1	-1
4	65	-1	1	-1
4	65	-1	1	-1
4	65	-1	1	-1
4	65	-1	1	-1
4	65	-1	1	-1
4	65	-1	1	-1
4	65	-1	1	-1
4	65	-1	1	-1
4	65	-1	1	-1
4	65	-1	1	-1
4	65	-1	1	-1
4	65	-1	1	-1
4	65	-1	1	-1
4	65	-1	1	-1
4	65	-1	1	-1
4	65	-1	1	-1
4	65	-1	1	-1
4	65	-1	1	-1
4	65	-1	1	-1
4	65	-1	1	-1
4	65	-1	1	-1
4	65	-1	1	-1
4	65	-1	1	-1
4	65	-1	1	-1
4	65	-1	1	-1
4	65	-1	1	-1
4	65	-1	1	-1
4	65	-1	1	-1
4	65	-1	1	-1
4	65	-1	1	-1
4	65	-1	1	-1
4	66	-1	1	-1
4	66	-1	1	-1
4	66	-1	1	-1
4	66	-1	1	-1
4	66	-1	1	-1
4	66	-1	1	-1
4	66	-1	1	-1
4	66	-1	1	-1
4	66	-1	1	-1
4	66	-1	1	-1
4	66	-1	1	-1
4	66	-1	1	-1
4	66	-1	1	-1
4	66	-1	1	-1
4	66	-1	1	-1
4	66	-1	1	-1
4	66	-1	1	-1
4	66	-1	1	-1
4	66	-1	1	-1
4	66	-1	1	-1
4	66	-1	1	-1
4	66	-1	1	-1
4	66	-1	1	-1
4	66	-1	1	-1
4	66	-1	1	-1
4	66	-1	1	-1
4	66	-1	1	-1
4	66	-1	1	-1
4	66	-1	1	-1
4	66	-1	1	-1
4	66	-1	1	-1
4	66	-1	1	-1
4	66	-1	1	-1
4	66	-1	1	-1
4	66	-1	1	-1
4	66	-1	1	-1
4	66	-1	1	-1
4	66	-1	1	-1
4	66	-1	1	-1
4	66	-1	1	-1
4	66	-1	1	-1
4	66	-1	1	-1
4	66	-1	1	-1
4	66	-1	1	-1
4	66	-1	1	-1
4	66	-1	1	-1
4	66	-1	1	-1
4	66	-1	1	-1
4	66	-1	1	-1
4	66	-1	1	-1
4	66	-1	1	-1
4	66	-1	1	-1
4	66	-1	1	-1
4	66	-1	1	-1
4	66	-1	1	-1
4	66	-1	1	-1
4	66	-1	1	-1
4	66	-1	1	-1
4	66	-1	1	-1
4	66	-1	1	-1
4	66	-1	1	-1
4	66	-1	1	-1
4	66	-1	1	-1
4	66	-1	1	-1
4	66	-1	1	-1
4	66	-1	1	-1
4	66	-1	1	-1
4	66	-1	1	-1
4	66	-1	1	-1
4	66	-1	1	-1
4	66	-1	1	-1
4	66	-1	1	-1
4	66	-1	1	-1
4	66	-1	1	-1
4	66	-1	1	-1
4	66	-1	1	-1
4	66	-1	1	-1
4	66	-1	1	-1
4	66	-1	1	-1
4	66	-1	1	-1
4	67	-1	1	-1
4	67	-1	1	-1
4	67	-1	1	-1
4	67	-1	1	-1
4	67	-1	1	-1
4	67	-1	1	-1
4	67	-1	1	-1
4	67	-1	1	-1
4	67	-1	1	-1
4	67	-1	1	-1
4	67	-1	1	-1
4	67	-1	1	-1
4	67	-1	1	-1
4	67	-1	1	-1
4	67	-1	1	-1
4	67	-1	1	-1
4	67	-1	1	-1
4	67	-1	1	-1
4	67	-1	1	-1
4	67	-1	1	-1
4	67	-1	1	-1
4	67	-1	1	-1
4	67	-1	1	-1
4	67	-1	1	-1
4	67	-1	1	-1
4	67	-1	1	-1
4	67	-1	1	-1
4	67	-1	1	-1
4	67	-1	1	-1
4	67	-1	1	-1
4	67	-1	1	-1
4	67	-1	1	-1
4	67	-1	1	-1
4	67	-1	1	-1
4	67	-1	1	-1
4	67	-1	1	-1
4	67	-1	1	-1
4	67	-1	1	-1
4	67	-1	1	-1
4	67	-1	1	-1
4	67	-1	1	-1
4	67	-1	1	-1
4	67	-1	1	-1
4	67	-1	1	-1
4	67	-1	1	-1
4	67	-1	1	-1
4	67	-1	1	-1
4	67	-1	1	-1
4	67	-1	1	-1
4	67	-1	1	-1
4	67	-1	1	-1
4	67	-1	1	-1
4	67	-1	1	-1
4	67	-1	1	-1
4	67	-1	1	-1
4	67	-1	1	-1
4	67	-1	1	-1
4	67	-1	1	-1
4	67	-1	1	-1
4	67	-1	1	-1
4	67	-1	1	-1
4	67	-1	1	-1
4	67	-1	1	-1
4	67	-1	1	-1
4	67	-1	1	-1
4	67	-1	1	-1
4	67	-1	1	-1
4	67	-1	1	-1
4	67	-1	1	-1
4	67	-1	1	-1
4	67	-1	1	-1
4	67	-1	1	-1
4	67	-1	1	-1
4	67	-1	1	-1
4	67	-1	1	-1
4	67	-1	1	-1
4	67	-1	1	-1
4	67	-1	1	-1
4	67	-1	1	-1
4	67	-1	1	-1
4	68	-1	1	-1
4	68	-1	1	-1
4	68	-1	1	-1
4	68	-1	1	-1
4	68	-1	1	-1
4	68	-1	1	-1
4	68	-1	1	-1
4	68	-1	1	-1
4	68	-1	1	-1
4	68	-1	1	-1
6	69	-1	1	-1
6	69	-1	1	-1
6	69	-1	1	-1
6	69	-1	1	-1
6	69	-1	1	-1
6	69	-1	1	-1
6	69	-1	1	-1
6	69	-1	1	-1
6	69	-1	1	-1
6	69	-1	1	-1
6	69	-1	1	-1
6	69	-1	1	-1
6	69	-1	1	-1
6	69	-1	1	-1
6	69	-1	1	-1
6	69	-1	1	-1
6	69	-1	1	-1
6	69	-1	1	-1
6	69	-1	1	-1
6	69	-1	1	-1
6	69	-1	1	-1
6	69	-1	1	-1
6	69	-1	1	-1
6	69	-1	1	-1
6	69	-1	1	-1
6	69	-1	1	-1
6	69	-1	1	-1
6	69	-1	1	-1
6	69	-1	1	-1
6	69	-1	1	-1
6	69	-1	1	-1
6	69	-1	1	-1
6	69	-1	1	-1
6	69	-1	1	-1
6	69	-1	1	-1
6	69	-1	1	-1
6	69	-1	1	-1
6	69	-1	1	-1
6	69	-1	1	-1
6	69	-1	1	-1
6	69	-1	1	-1
6	69	-1	1	-1
6	69	-1	1	-1
4	70	-1	1	-1
4	70	-1	1	-1
4	70	-1	1	-1
4	70	-1	1	-1
4	70	-1	1	-1
4	70	-1	1	-1
4	70	-1	1	-1
4	70	-1	1	-1
4	70	-1	1	-1
4	70	-1	1	-1
4	70	-1	1	-1
4	70	-1	1	-1
4	70	-1	1	-1
4	70	-1	1	-1
4	70	-1	1	-1
4	70	-1	1	-1
4	70	-1	1	-1
4	70	-1	1	-1
4	70	-1	1	-1
4	70	-1	1	-1
4	70	-1	1	-1
4	70	-1	1	-1
4	70	-1	1	-1
4	70	-1	1	-1
4	70	-1	1	-1
4	70	-1	1	-1
4	70	-1	1	-1
4	70	-1	1	-1
4	70	-1	1	-1
4	70	-1	1	-1
4	70	-1	1	-1
4	70	-1	1	-1
4	70	-1	1	-1
4	70	-1	1	-1
4	70	-1	1	-1
4	70	-1	1	-1
4	70	-1	1	-1
4	70	-1	1	-1
4	70	-1	1	-1
4	70	-1	1	-1
4	70	-1	1	-1
4	70	-1	1	-1
4	70	-1	1	-1
4	70	-1	1	-1
4	70	-1	1	-1
4	70	-1	1	-1
4	70	-1	1	-1
4	70	-1	1	-1
4	70	-1	1	-1
4	70	-1	1	-1
4	70	-1	1	-1
4	70	-1	1	-1
4	70	-1	1	-1
4	70	-1	1	-1
4	70	-1	1	-1
4	70	-1	1	-1
4	70	-1	1	-1
4	70	-1	1	-1
4	70	-1	1	-1
4	70	-1	1	-1
4	70	-1	1	-1
4	70	-1	1	-1
4	70	-1	1	-1
4	70	-1	1	-1
4	70	-1	1	-1
4	70	-1	1	-1
4	70	-1	1	-1
4	70	-1	1	-1
4	70	-1	1	-1
4	70	-1	1	-1
4	70	-1	1	-1
4	70	-1	1	-1
4	70	-1	1	-1
4	70	-1	1	-1
4	70	-1	1	-1
4	70	-1	1	-1
4	70	-1	1	-1
4	70	-1	1	-1
4	70	-1	1	-1
4	70	-1	1	-1
4	70	-1	1	-1
4	70	-1	1	-1
4	70	-1	1	-1
4	71	-1	1	-1
4	71	-1	1	-1
4	71	-1	1	-1
4	71	-1	1	-1
4	71	-1	1	-1
4	71	-1	1	-1
4	71	-1	1	-1
4	71	-1	1	-1
4	71	-1	1	-1
4	71	-1	1	-1
4	71	-1	1	-1
4	71	-1	1	-1
4	71	-1	1	-1
4	71	-1	1	-1
4	71	-1	1	-1
4	71	-1	1	-1
4	71	-1	1	-1
4	71	-1	1	-1
4	71	-1	1	-1
4	71	-1	1	-1
4	71	-1	1	-1
4	71	-1	1	-1
4	71	-1	1	-1
4	71	-1	1	-1
4	71	-1	1	-1
4	71	-1	1	-1
4	71	-1	1	-1
4	71	-1	1	-1
4	71	-1	1	-1
4	71	-1	1	-1
4	71	-1	1	-1
4	71	-1	1	-1
4	71	-1	1	-1
4	71	-1	1	-1
4	71	-1	1	-1
4	71	-1	1	-1
4	71	-1	1	-1
4	71	-1	1	-1
4	71	-1	1	-1
4	71	-1	1	-1
4	71	-1	1	-1
4	71	-1	1	-1
4	71	-1	1	-1
4	71	-1	1	-1
4	71	-1	1	-1
4	71	-1	1	-1
4	71	-1	1	-1
4	71	-1	1	-1
4	71	-1	1	-1
4	71	-1	1	-1
4	71	-1	1	-1
4	71	-1	1	-1
4	71	-1	1	-1
4	71	-1	1	-1
4	71	-1	1	-1
4	71	-1	1	-1
4	71	-1	1	-1
4	71	-1	1	-1
4	71	-1	1	-1
4	71	-1	1	-1
4	71	-1	1	-1
4	71	-1	1	-1
4	72	-1	1	-1
4	72	-1	1	-1
4	72	-1	1	-1
4	72	-1	1	-1
4	72	-1	1	-1
4	72	-1	1	-1
4	72	-1	1	-1
4	72	-1	1	-1
4	72	-1	1	-1
4	72	-1	1	-1
4	72	-1	1	-1
4	72	-1	1	-1
4	72	-1	1	-1
4	72	-1	1	-1
4	72	-1	1	-1
4	72	-1	1	-1
4	72	-1	1	-1
4	72	-1	1	-1
4	72	-1	1	-1
4	72	-1	1	-1
4	72	-1	1	-1
4	72	-1	1	-1
4	72	-1	1	-1
4	72	-1	1	-1
4	72	-1	1	-1
4	72	-1	1	-1
4	72	-1	1	-1
4	72	-1	1	-1
4	72	-1	1	-1
4	72	-1	1	-1
4	72	-1	1	-1
4	72	-1	1	-1
4	72	-1	1	-1
4	72	-1	1	-1
4	72	-1	1	-1
4	72	-1	1	-1
4	72	-1	1	-1
4	72	-1	1	-1
4	72	-1	1	-1
4	72	-1	1	-1
4	72	-1	1	-1
4	72	-1	1	-1
4	72	-1	1	-1
4	72	-1	1	-1
4	72	-1	1	-1
4	72	-1	1	-1
4	72	-1	1	-1
4	72	-1	1	-1
4	72	-1	1	-1
4	72	-1	1	-1
4	72	-1	1	-1
4	72	-1	1	-1
4	72	-1	1	-1
4	72	-1	1	-1
4	72	-1	1	-1
4	72	-1	1	-1
4	72	-1	1	-1
4	72	-1	1	-1
4	72	-1	1	-1
4	72	-1	1	-1
4	72	-1	1	-1
4	72	-1	1	-1
4	72	-1	1	-1
4	73	-1	1	-1
4	73	-1	1	-1
4	73	-1	1	-1
4	73	-1	1	-1
4	73	-1	1	-1
4	73	-1	1	-1
4	73	-1	1	-1
4	73	-1	1	-1
4	73	-1	1	-1
4	73	-1	1	-1
4	73	-1	1	-1
4	73	-1	1	-1
4	73	-1	1	-1
4	73	-1	1	-1
4	73	-1	1	-1
4	73	-1	1	-1
4	73	-1	1	-1
4	73	-1	1	-1
4	73	-1	1	-1
4	73	-1	1	-1
4	73	-1	1	-1
4	73	-1	1	-1
4	73	-1	1	-1
4	73	-1	1	-1
4	73	-1	1	-1
4	73	-1	1	-1
4	73	-1	1	-1
4	73	-1	1	-1
4	73	-1	1	-1
4	73	-1	1	-1
4	73	-1	1	-1
4	73	-1	1	-1
4	73	-1	1	-1
4	73	-1	1	-1
4	73	-1	1	-1
4	73	-1	1	-1
4	73	-1	1	-1
4	73	-1	1	-1
4	73	-1	1	-1
4	73	-1	1	-1
4	73	-1	1	-1
4	73	-1	1	-1
4	74	-1	1	-1
4	74	-1	1	-1
4	74	-1	1	-1
4	74	-1	1	-1
4	74	-1	1	-1
4	74	-1	1	-1
4	74	-1	1	-1
4	74	-1	1	-1
4	74	-1	1	-1
4	74	-1	1	-1
4	74	-1	1	-1
4	74	-1	1	-1
4	74	-1	1	-1
4	74	-1	1	-1
4	74	-1	1	-1
4	74	-1	1	-1
4	74	-1	1	-1
4	74	-1	1	-1
4	74	-1	1	-1
4	74	-1	1	-1
4	74	-1	1	-1
4	74	-1	1	-1
4	74	-1	1	-1
4	74	-1	1	-1
4	74	-1	1	-1
4	74	-1	1	-1
4	74	-1	1	-1
4	74	-1	1	-1
4	74	-1	1	-1
4	74	-1	1	-1
4	74	-1	1	-1
4	74	-1	1	-1
4	74	-1	1	-1
4	74	-1	1	-1
4	74	-1	1	-1
4	74	-1	1	-1
4	74	-1	1	-1
4	74	-1	1	-1
4	74	-1	1	-1
4	74	-1	1	-1
4	74	-1	1	-1
4	74	-1	1	-1
4	74	-1	1	-1
4	74	-1	1	-1
4	74	-1	1	-1
4	74	-1	1	-1
4	74	-1	1	-1
4	74	-1	1	-1
4	74	-1	1	-1
4	74	-1	1	-1
4	74	-1	1	-1
4	74	-1	1	-1
4	74	-1	1	-1
4	74	-1	1	-1
4	74	-1	1	-1
4	74	-1	1	-1
4	74	-1	1	-1
4	74	-1	1	-1
4	74	-1	1	-1
4	74	-1	1	-1
4	74	-1	1	-1
4	74	-1	1	-1
4	74	-1	1	-1
4	74	-1	1	-1
4	74	-1	1	-1
4	74	-1	1	-1
4	74	-1	1	-1
4	74	-1	1	-1
4	74	-1	1	-1
4	74	-1	1	-1
4	74	-1	1	-1
4	74	-1	1	-1
4	74	-1	1	-1
4	74	-1	1	-1
4	74	-1	1	-1
4	74	-1	1	-1
4	75	-1	1	-1
4	75	-1	1	-1
4	75	-1	1	-1
4	75	-1	1	-1
4	75	-1	1	-1
4	75	-1	1	-1
4	75	-1	1	-1
4	75	-1	1	-1
4	75	-1	1	-1
4	75	-1	1	-1
4	75	-1	1	-1
4	75	-1	1	-1
4	75	-1	1	-1
4	75	-1	1	-1
4	75	-1	1	-1
4	75	-1	1	-1
4	75	-1	1	-1
4	75	-1	1	-1
4	75	-1	1	-1
4	75	-1	1	-1
4	75	-1	1	-1
4	75	-1	1	-1
4	75	-1	1	-1
4	75	-1	1	-1
4	75	-1	1	-1
4	75	-1	1	-1
4	75	-1	1	-1
4	75	-1	1	-1
4	75	-1	1	-1
4	75	-1	1	-1
4	75	-1	1	-1
4	75	-1	1	-1
4	75	-1	1	-1
4	75	-1	1	-1
4	75	-1	1	-1
4	75	-1	1	-1
4	75	-1	1	-1
4	75	-1	1	-1
4	75	-1	1	-1
4	75	-1	1	-1
4	75	-1	1	-1
4	75	-1	1	-1
4	75	-1	1	-1
4	75	-1	1	-1
4	75	-1	1	-1
4	75	-1	1	-1
4	75	-1	1	-1
4	75	-1	1	-1
4	75	-1	1	-1
4	75	-1	1	-1
4	75	-1	1	-1
4	75	-1	1	-1
4	75	-1	1	-1
4	75	-1	1	-1
4	75	-1	1	-1
4	75	-1	1	-1
4	75	-1	1	-1
4	75	-1	1	-1
4	75	-1	1	-1
4	75	-1	1	-1
4	75	-1	1	-1
4	75	-1	1	-1
4	75	-1	1	-1
4	75	-1	1	-1
4	75	-1	1	-1
4	75	-1	1	-1
4	75	-1	1	-1
4	75	-1	1	-1
4	75	-1	1	-1
4	75	-1	1	-1
4	75	-1	1	-1
4	75	-1	1	-1
4	75	-1	1	-1
4	75	-1	1	-1
4	75	-1	1	-1
4	75	-1	1	-1
4	75	-1	1	-1
4	75	-1	1	-1
4	76	-1	1	-1
4	76	-1	1	-1
4	76	-1	1	-1
4	76	-1	1	-1
4	76	-1	1	-1
4	76	-1	1	-1
4	76	-1	1	-1
4	76	-1	1	-1
4	76	-1	1	-1
4	76	-1	1	-1
4	76	-1	1	-1
4	76	-1	1	-1
4	76	-1	1	-1
4	76	-1	1	-1
4	76	-1	1	-1
4	76	-1	1	-1
4	76	-1	1	-1
4	76	-1	1	-1
4	76	-1	1	-1
4	76	-1	1	-1
4	76	-1	1	-1
4	76	-1	1	-1
4	76	-1	1	-1
4	76	-1	1	-1
4	76	-1	1	-1
4	76	-1	1	-1
4	76	-1	1	-1
4	76	-1	1	-1
4	76	-1	1	-1
4	76	-1	1	-1
4	76	-1	1	-1
4	76	-1	1	-1
4	76	-1	1	-1
4	76	-1	1	-1
4	76	-1	1	-1
4	76	-1	1	-1
4	76	-1	1	-1
4	76	-1	1	-1
4	76	-1	1	-1
4	76	-1	1	-1
4	76	-1	1	-1
4	76	-1	1	-1
4	76	-1	1	-1
4	76	-1	1	-1
4	76	-1	1	-1
4	76	-1	1	-1
4	76	-1	1	-1
4	76	-1	1	-1
4	76	-1	1	-1
4	76	-1	1	-1
4	76	-1	1	-1
4	76	-1	1	-1
4	76	-1	1	-1
4	76	-1	1	-1
4	76	-1	1	-1
4	76	-1	1	-1
4	76	-1	1	-1
4	76	-1	1	-1
4	76	-1	1	-1
4	76	-1	1	-1
4	76	-1	1	-1
4	76	-1	1	-1
4	76	-1	1	-1
4	76	-1	1	-1
4	76	-1	1	-1
4	76	-1	1	-1
4	76	-1	1	-1
4	76	-1	1	-1
4	76	-1	1	-1
4	76	-1	1	-1
4	76	-1	1	-1
4	76	-1	1	-1
4	76	-1	1	-1
4	76	-1	1	-1
4	76	-1	1	-1
4	76	-1	1	-1
4	76	-1	1	-1
4	76	-1	1	-1
4	76	-1	1	-1
4	76	-1	1	-1
4	76	-1	1	-1
4	76	-1	1	-1
4	77	-1	1	-1
4	77	-1	1	-1
4	77	-1	1	-1
4	77	-1	1	-1
4	77	-1	1	-1
4	77	-1	1	-1
4	77	-1	1	-1
4	77	-1	1	-1
4	77	-1	1	-1
4	77	-1	1	-1
4	77	-1	1	-1
4	77	-1	1	-1
4	77	-1	1	-1
4	77	-1	1	-1
4	77	-1	1	-1
4	77	-1	1	-1
4	77	-1	1	-1
4	77	-1	1	-1
4	77	-1	1	-1
4	77	-1	1	-1
4	77	-1	1	-1
4	77	-1	1	-1
4	77	-1	1	-1
4	77	-1	1	-1
4	77	-1	1	-1
4	77	-1	1	-1
4	77	-1	1	-1
4	77	-1	1	-1
4	77	-1	1	-1
4	77	-1	1	-1
4	77	-1	1	-1
4	77	-1	1	-1
4	77	-1	1	-1
4	77	-1	1	-1
4	77	-1	1	-1
4	77	-1	1	-1
4	77	-1	1	-1
4	77	-1	1	-1
4	77	-1	1	-1
4	77	-1	1	-1
4	77	-1	1	-1
4	77	-1	1	-1
4	77	-1	1	-1
4	77	-1	1	-1
4	77	-1	1	-1
4	77	-1	1	-1
4	77	-1	1	-1
4	77	-1	1	-1
4	77	-1	1	-1
4	77	-1	1	-1
4	77	-1	1	-1
4	77	-1	1	-1
4	77	-1	1	-1
4	77	-1	1	-1
4	77	-1	1	-1
4	77	-1	1	-1
4	77	-1	1	-1
4	77	-1	1	-1
4	77	-1	1	-1
4	77	-1	1	-1
4	77	-1	1	-1
4	77	-1	1	-1
4	77	-1	1	-1
4	77	-1	1	-1
4	77	-1	1	-1
4	77	-1	1	-1
4	77	-1	1	-1
4	77	-1	1	-1
4	77	-1	1	-1
4	77	-1	1	-1
4	77	-1	1	-1
4	77	-1	1	-1
4	77	-1	1	-1
4	77	-1	1	-1
4	77	-1	1	-1
4	77	-1	1	-1
4	77	-1	1	-1
4	77	-1	1	-1
4	77	-1	1	-1
4	77	-1	1	-1
4	77	-1	1	-1
4	77	-1	1	-1
4	77	-1	1	-1
4	77	-1	1	-1
4	77	-1	1	-1
4	77	-1	1	-1
4	77	-1	1	-1
4	77	-1	1	-1
4	77	-1	1	-1
4	77	-1	1	-1
4	77	-1	1	-1
4	77	-1	1	-1
4	77	-1	1	-1
4	77	-1	1	-1
4	77	-1	1	-1
4	77	-1	1	-1
4	77	-1	1	-1
4	78	-1	1	-1
4	78	-1	1	-1
4	78	-1	1	-1
4	78	-1	1	-1
4	78	-1	1	-1
4	78	-1	1	-1
4	78	-1	1	-1
4	78	-1	1	-1
4	78	-1	1	-1
4	78	-1	1	-1
4	78	-1	1	-1
4	78	-1	1	-1
4	78	-1	1	-1
4	78	-1	1	-1
4	78	-1	1	-1
4	78	-1	1	-1
4	78	-1	1	-1
4	78	-1	1	-1
4	78	-1	1	-1
4	78	-1	1	-1
4	78	-1	1	-1
4	78	-1	1	-1
4	78	-1	1	-1
4	78	-1	1	-1
4	78	-1	1	-1
4	78	-1	1	-1
4	78	-1	1	-1
4	78	-1	1	-1
4	78	-1	1	-1
4	78	-1	1	-1
4	78	-1	1	-1
4	78	-1	1	-1
4	78	-1	1	-1
4	78	-1	1	-1
4	78	-1	1	-1
4	78	-1	1	-1
4	78	-1	1	-1
4	78	-1	1	-1
4	78	-1	1	-1
4	78	-1	1	-1
4	78	-1	1	-1
4	78	-1	1	-1
4	78	-1	1	-1
4	78	-1	1	-1
4	78	-1	1	-1
4	78	-1	1	-1
4	78	-1	1	-1
4	78	-1	1	-1
4	78	-1	1	-1
4	78	-1	1	-1
4	78	-1	1	-1
4	78	-1	1	-1
4	78	-1	1	-1
4	78	-1	1	-1
4	78	-1	1	-1
4	78	-1	1	-1
4	78	-1	1	-1
4	78	-1	1	-1
4	78	-1	1	-1
4	78	-1	1	-1
4	78	-1	1	-1
4	78	-1	1	-1
4	78	-1	1	-1
4	78	-1	1	-1
4	78	-1	1	-1
4	78	-1	1	-1
4	78	-1	1	-1
4	78	-1	1	-1
4	78	-1	1	-1
4	78	-1	1	-1
4	78	-1	1	-1
4	78	-1	1	-1
4	78	-1	1	-1
4	78	-1	1	-1
4	78	-1	1	-1
4	78	-1	1	-1
4	78	-1	1	-1
4	78	-1	1	-1
4	78	-1	1	-1
4	78	-1	1	-1
4	78	-1	1	-1
4	78	-1	1	-1
4	78	-1	1	-1
4	78	-1	1	-1
4	78	-1	1	-1
4	78	-1	1	-1
4	79	-1	1	-1
4	79	-1	1	-1
4	79	-1	1	-1
4	79	-1	1	-1
4	79	-1	1	-1
4	79	-1	1	-1
4	79	-1	1	-1
4	79	-1	1	-1
4	79	-1	1	-1
4	79	-1	1	-1
4	79	-1	1	-1
4	79	-1	1	-1
4	79	-1	1	-1
4	79	-1	1	-1
4	79	-1	1	-1
4	79	-1	1	-1
4	79	-1	1	-1
4	79	-1	1	-1
4	79	-1	1	-1
4	79	-1	1	-1
4	79	-1	1	-1
4	79	-1	1	-1
4	79	-1	1	-1
4	79	-1	1	-1
4	79	-1	1	-1
4	79	-1	1	-1
4	79	-1	1	-1
4	79	-1	1	-1
4	79	-1	1	-1
4	79	-1	1	-1
4	79	-1	1	-1
4	79	-1	1	-1
4	79	-1	1	-1
4	79	-1	1	-1
4	79	-1	1	-1
4	79	-1	1	-1
4	79	-1	1	-1
4	79	-1	1	-1
4	79	-1	1	-1
4	79	-1	1	-1
4	79	-1	1	-1
4	79	-1	1	-1
4	79	-1	1	-1
4	79	-1	1	-1
4	79	-1	1	-1
4	79	-1	1	-1
4	79	-1	1	-1
4	79	-1	1	-1
4	79	-1	1	-1
4	79	-1	1	-1
4	79	-1	1	-1
4	79	-1	1	-1
4	79	-1	1	-1
4	79	-1	1	-1
4	79	-1	1	-1
4	79	-1	1	-1
4	79	-1	1	-1
4	79	-1	1	-1
4	79	-1	1	-1
4	79	-1	1	-1
4	79	-1	1	-1
4	79	-1	1	-1
4	79	-1	1	-1
4	79	-1	1	-1
4	79	-1	1	-1
4	79	-1	1	-1
4	79	-1	1	-1
4	79	-1	1	-1
4	79	-1	1	-1
4	79	-1	1	-1
4	79	-1	1	-1
4	79	-1	1	-1
4	79	-1	1	-1
4	79	-1	1	-1
4	79	-1	1	-1
4	79	-1	1	-1
4	79	-1	1	-1
4	79	-1	1	-1
4	79	-1	1	-1
4	79	-1	1	-1
4	79	-1	1	-1
4	79	-1	1	-1
4	79	-1	1	-1
4	79	-1	1	-1
4	79	-1	1	-1
4	79	-1	1	-1
4	79	-1	1	-1
4	79	-1	1	-1
4	79	-1	1	-1
4	79	-1	1	-1
4	79	-1	1	-1
4	79	-1	1	-1
4	79	-1	1	-1
4	79	-1	1	-1
4	79	-1	1	-1
4	79	-1	1	-1
4	79	-1	1	-1
4	79	-1	1	-1
4	79	-1	1	-1
4	79	-1	1	-1
4	79	-1	1	-1
6	80	-1	1	-1
6	80	-1	1	-1
6	80	-1	1	-1
6	80	-1	1	-1
6	80	-1	1	-1
6	80	-1	1	-1
6	80	-1	1	-1
6	80	-1	1	-1
6	80	-1	1	-1
6	80	-1	1	-1
6	80	-1	1	-1
6	80	-1	1	-1
6	80	-1	1	-1
6	80	-1	1	-1
6	80	-1	1	-1
6	80	-1	1	-1
6	80	-1	1	-1
6	80	-1	1	-1
6	80	-1	1	-1
6	80	-1	1	-1
6	80	-1	1	-1
6	80	-1	1	-1
6	80	-1	1	-1
6	80	-1	1	-1
6	80	-1	1	-1
6	80	-1	1	-1
6	80	-1	1	-1
6	80	-1	1	-1
6	80	-1	1	-1
6	80	-1	1	-1
6	80	-1	1	-1
6	80	-1	1	-1
6	80	-1	1	-1
6	80	-1	1	-1
6	80	-1	1	-1
6	80	-1	1	-1
6	80	-1	1	-1
6	80	-1	1	-1
6	80	-1	1	-1
6	80	-1	1	-1
6	80	-1	1	-1
6	80	-1	1	-1
6	80	-1	1	-1
6	80	-1	1	-1
6	80	-1	1	-1
6	80	-1	1	-1
6	80	-1	1	-1
6	80	-1	1	-1
6	80	-1	1	-1
6	80	-1	1	-1
6	80	-1	1	-1
6	80	-1	1	-1
6	80	-1	1	-1
6	80	-1	1	-1
6	80	-1	1	-1
6	80	-1	1	-1
6	80	-1	1	-1
6	80	-1	1	-1
6	80	-1	1	-1
6	80	-1	1	-1
6	80	-1	1	-1
6	80	-1	1	-1
6	80	-1	1	-1
6	80	-1	1	-1
6	80	-1	1	-1
6	80	-1	1	-1
6	80	-1	1	-1
6	80	-1	1	-1
6	80	-1	1	-1
6	80	-1	1	-1
6	80	-1	1	-1
6	80	-1	1	-1
6	80	-1	1	-1
6	80	-1	1	-1
6	80	-1	1	-1
6	80	-1	1	-1
6	80	-1	1	-1
6	80	-1	1	-1
4	81	-1	1	-1
4	81	-1	1	-1
4	81	-1	1	-1
4	81	-1	1	-1
4	81	-1	1	-1
4	81	-1	1	-1
4	81	-1	1	-1
4	81	-1	1	-1
4	81	-1	1	-1
4	81	-1	1	-1
4	81	-1	1	-1
4	81	-1	1	-1
4	81	-1	1	-1
4	81	-1	1	-1
4	81	-1	1	-1
4	81	-1	1	-1
4	81	-1	1	-1
4	81	-1	1	-1
4	81	-1	1	-1
4	81	-1	1	-1
4	81	-1	1	-1
4	81	-1	1	-1
4	81	-1	1	-1
4	81	-1	1	-1
4	81	-1	1	-1
4	81	-1	1	-1
4	81	-1	1	-1
4	81	-1	1	-1
4	81	-1	1	-1
4	81	-1	1	-1
4	81	-1	1	-1
4	81	-1	1	-1
4	81	-1	1	-1
4	81	-1	1	-1
4	81	-1	1	-1
4	81	-1	1	-1
4	81	-1	1	-1
4	81	-1	1	-1
4	81	-1	1	-1
4	81	-1	1	-1
4	81	-1	1	-1
4	81	-1	1	-1
4	81	-1	1	-1
4	81	-1	1	-1
4	81	-1	1	-1
4	81	-1	1	-1
4	81	-1	1	-1
4	81	-1	1	-1
4	81	-1	1	-1
4	81	-1	1	-1
4	81	-1	1	-1
4	81	-1	1	-1
4	81	-1	1	-1
4	81	-1	1	-1
4	81	-1	1	-1
4	81	-1	1	-1
4	81	-1	1	-1
4	81	-1	1	-1
4	81	-1	1	-1
4	81	-1	1	-1
4	81	-1	1	-1
4	81	-1	1	-1
4	81	-1	1	-1
4	81	-1	1	-1
4	81	-1	1	-1
4	81	-1	1	-1
4	81	-1	1	-1
4	82	-1	1	-1
4	82	-1	1	-1
4	82	-1	1	-1
4	82	-1	1	-1
4	82	-1	1	-1
4	82	-1	1	-1
4	82	-1	1	-1
4	82	-1	1	-1
4	82	-1	1	-1
4	82	-1	1	-1
4	82	-1	1	-1
4	82	-1	1	-1
4	82	-1	1	-1
4	82	-1	1	-1
4	82	-1	1	-1
4	82	-1	1	-1
4	82	-1	1	-1
4	82	-1	1	-1
4	82	-1	1	-1
4	82	-1	1	-1
4	82	-1	1	-1
4	82	-1	1	-1
4	82	-1	1	-1
4	82	-1	1	-1
4	82	-1	1	-1
4	82	-1	1	-1
4	82	-1	1	-1
4	82	-1	1	-1
4	82	-1	1	-1
4	82	-1	1	-1
4	82	-1	1	-1
4	82	-1	1	-1
4	82	-1	1	-1
4	82	-1	1	-1
4	82	-1	1	-1
4	82	-1	1	-1
4	82	-1	1	-1
4	82	-1	1	-1
4	82	-1	1	-1
4	82	-1	1	-1
4	82	-1	1	-1
4	82	-1	1	-1
4	82	-1	1	-1
4	82	-1	1	-1
4	82	-1	1	-1
4	82	-1	1	-1
4	82	-1	1	-1
4	82	-1	1	-1
4	82	-1	1	-1
4	82	-1	1	-1
4	82	-1	1	-1
4	82	-1	1	-1
4	82	-1	1	-1
4	82	-1	1	-1
4	83	-1	1	-1
4	83	-1	1	-1
4	83	-1	1	-1
4	83	-1	1	-1
4	83	-1	1	-1
4	83	-1	1	-1
4	83	-1	1	-1
4	83	-1	1	-1
4	83	-1	1	-1
4	83	-1	1	-1
4	83	-1	1	-1
4	83	-1	1	-1
4	83	-1	1	-1
4	83	-1	1	-1
4	83	-1	1	-1
4	83	-1	1	-1
4	83	-1	1	-1
4	83	-1	1	-1
4	83	-1	1	-1
4	83	-1	1	-1
4	83	-1	1	-1
4	83	-1	1	-1
4	83	-1	1	-1
4	83	-1	1	-1
4	83	-1	1	-1
4	83	-1	1	-1
4	83	-1	1	-1
4	83	-1	1	-1
4	83	-1	1	-1
4	83	-1	1	-1
4	83	-1	1	-1
4	83	-1	1	-1
4	83	-1	1	-1
4	83	-1	1	-1
4	83	-1	1	-1
4	83	-1	1	-1
4	83	-1	1	-1
4	83	-1	1	-1
4	83	-1	1	-1
4	83	-1	1	-1
4	83	-1	1	-1
4	83	-1	1	-1
4	83	-1	1	-1
4	83	-1	1	-1
4	83	-1	1	-1
4	83	-1	1	-1
4	83	-1	1	-1
4	83	-1	1	-1
4	83	-1	1	-1
4	83	-1	1	-1
4	83	-1	1	-1
4	83	-1	1	-1
4	83	-1	1	-1
4	83	-1	1	-1
4	83	-1	1	-1
4	83	-1	1	-1
4	83	-1	1	-1
4	83	-1	1	-1
4	83	-1	1	-1
4	83	-1	1	-1
4	83	-1	1	-1
4	83	-1	1	-1
4	83	-1	1	-1
4	83	-1	1	-1
4	83	-1	1	-1
4	83	-1	1	-1
4	83	-1	1	-1
4	83	-1	1	-1
4	83	-1	1	-1
4	83	-1	1	-1
4	83	-1	1	-1
4	83	-1	1	-1
4	83	-1	1	-1
4	84	-1	1	-1
4	84	-1	1	-1
4	84	-1	1	-1
4	84	-1	1	-1
4	84	-1	1	-1
4	84	-1	1	-1
4	84	-1	1	-1
4	84	-1	1	-1
4	84	-1	1	-1
4	84	-1	1	-1
4	84	-1	1	-1
4	84	-1	1	-1
4	84	-1	1	-1
4	84	-1	1	-1
4	84	-1	1	-1
4	84	-1	1	-1
4	84	-1	1	-1
4	84	-1	1	-1
4	84	-1	1	-1
4	84	-1	1	-1
4	84	-1	1	-1
4	84	-1	1	-1
4	84	-1	1	-1
4	84	-1	1	-1
4	84	-1	1	-1
4	84	-1	1	-1
4	84	-1	1	-1
4	84	-1	1	-1
4	84	-1	1	-1
4	84	-1	1	-1
4	84	-1	1	-1
4	84	-1	1	-1
4	84	-1	1	-1
4	84	-1	1	-1
4	84	-1	1	-1
4	84	-1	1	-1
4	84	-1	1	-1
4	84	-1	1	-1
4	84	-1	1	-1
4	84	-1	1	-1
4	84	-1	1	-1
4	84	-1	1	-1
4	84	-1	1	-1
4	84	-1	1	-1
4	84	-1	1	-1
4	84	-1	1	-1
4	84	-1	1	-1
4	84	-1	1	-1
4	84	-1	1	-1
4	84	-1	1	-1
4	84	-1	1	-1
4	84	-1	1	-1
4	84	-1	1	-1
4	84	-1	1	-1
4	84	-1	1	-1
4	85	-1	1	-1
4	85	-1	1	-1
4	85	-1	1	-1
4	85	-1	1	-1
4	85	-1	1	-1
4	85	-1	1	-1
4	85	-1	1	-1
4	85	-1	1	-1
4	85	-1	1	-1
4	85	-1	1	-1
4	85	-1	1	-1
4	85	-1	1	-1
4	85	-1	1	-1
4	85	-1	1	-1
4	85	-1	1	-1
4	85	-1	1	-1
4	85	-1	1	-1
4	85	-1	1	-1
4	85	-1	1	-1
4	85	-1	1	-1
4	85	-1	1	-1
4	85	-1	1	-1
4	85	-1	1	-1
4	85	-1	1	-1
4	85	-1	1	-1
4	85	-1	1	-1
4	85	-1	1	-1
4	85	-1	1	-1
4	85	-1	1	-1
4	85	-1	1	-1
4	85	-1	1	-1
4	85	-1	1	-1
4	85	-1	1	-1
4	85	-1	1	-1
4	85	-1	1	-1
4	85	-1	1	-1
4	85	-1	1	-1
4	85	-1	1	-1
4	85	-1	1	-1
4	85	-1	1	-1
4	85	-1	1	-1
4	85	-1	1	-1
4	85	-1	1	-1
4	85	-1	1	-1
4	85	-1	1	-1
4	85	-1	1	-1
4	85	-1	1	-1
4	86	-1	1	-1
4	86	-1	1	-1
4	86	-1	1	-1
4	86	-1	1	-1
4	86	-1	1	-1
4	86	-1	1	-1
4	86	-1	1	-1
4	86	-1	1	-1
4	86	-1	1	-1
4	87	-1	1	-1
4	87	-1	1	-1
4	87	-1	1	-1
4	87	-1	1	-1
4	87	-1	1	-1
4	87	-1	1	-1
4	87	-1	1	-1
4	87	-1	1	-1
4	87	-1	1	-1
4	87	-1	1	-1
4	87	-1	1	-1
4	87	-1	1	-1
4	87	-1	1	-1
4	87	-1	1	-1
4	87	-1	1	-1
4	87	-1	1	-1
4	87	-1	1	-1
4	87	-1	1	-1
4	87	-1	1	-1
4	87	-1	1	-1
4	87	-1	1	-1
4	87	-1	1	-1
4	87	-1	1	-1
4	87	-1	1	-1
4	87	-1	1	-1
4	87	-1	1	-1
4	87	-1	1	-1
4	87	-1	1	-1
4	87	-1	1	-1
4	87	-1	1	-1
4	87	-1	1	-1
4	87	-1	1	-1
4	87	-1	1	-1
4	87	-1	1	-1
4	87	-1	1	-1
4	87	-1	1	-1
4	87	-1	1	-1
4	87	-1	1	-1
4	87	-1	1	-1
4	87	-1	1	-1
4	87	-1	1	-1
4	87	-1	1	-1
4	87	-1	1	-1
4	87	-1	1	-1
4	87	-1	1	-1
4	87	-1	1	-1
4	87	-1	1	-1
4	87	-1	1	-1
4	87	-1	1	-1
4	87	-1	1	-1
4	87	-1	1	-1
4	87	-1	1	-1
4	88	-1	1	-1
4	88	-1	1	-1
4	88	-1	1	-1
4	88	-1	1	-1
4	88	-1	1	-1
4	88	-1	1	-1
4	88	-1	1	-1
4	88	-1	1	-1
4	88	-1	1	-1
4	88	-1	1	-1
4	88	-1	1	-1
4	88	-1	1	-1
4	88	-1	1	-1
4	88	-1	1	-1
4	88	-1	1	-1
4	88	-1	1	-1
4	88	-1	1	-1
4	88	-1	1	-1
4	88	-1	1	-1
4	88	-1	1	-1
4	88	-1	1	-1
4	88	-1	1	-1
4	88	-1	1	-1
4	88	-1	1	-1
4	88	-1	1	-1
4	88	-1	1	-1
4	88	-1	1	-1
4	88	-1	1	-1
4	88	-1	1	-1
4	88	-1	1	-1
4	88	-1	1	-1
4	88	-1	1	-1
4	88	-1	1	-1
4	88	-1	1	-1
4	88	-1	1	-1
4	88	-1	1	-1
4	88	-1	1	-1
4	88	-1	1	-1
4	88	-1	1	-1
4	88	-1	1	-1
2	89	-1	1	-1
2	89	-1	1	-1
4	90	-1	1	-1
4	90	-1	1	-1
4	90	-1	1	-1
4	90	-1	1	-1
4	90	-1	1	-1
4	90	-1	1	-1
4	90	-1	1	-1
4	90	-1	1	-1
4	90	-1	1	-1
4	90	-1	1	-1
4	90	-1	1	-1
4	90	-1	1	-1
4	90	-1	1	-1
4	90	-1	1	-1
4	90	-1	1	-1
4	90	-1	1	-1
4	90	-1	1	-1
4	90	-1	1	-1
4	90	-1	1	-1
4	90	-1	1	-1
4	90	-1	1	-1
4	90	-1	1	-1
4	90	-1	1	-1
4	90	-1	1	-1
4	90	-1	1	-1
4	90	-1	1	-1
4	90	-1	1	-1
4	90	-1	1	-1
4	90	-1	1	-1
4	90	-1	1	-1
4	90	-1	1	-1
4	90	-1	1	-1
4	90	-1	1	-1
4	90	-1	1	-1
4	90	-1	1	-1
4	90	-1	1	-1
4	90	-1	1	-1
4	90	-1	1	-1
4	90	-1	1	-1
4	90	-1	1	-1
4	90	-1	1	-1
4	91	-1	1	-1
4	91	-1	1	-1
4	91	-1	1	-1
4	91	-1	1	-1
4	91	-1	1	-1
4	91	-1	1	-1
4	91	-1	1	-1
4	91	-1	1	-1
4	91	-1	1	-1
4	91	-1	1	-1
4	91	-1	1	-1
4	91	-1	1	-1
4	91	-1	1	-1
4	91	-1	1	-1
4	91	-1	1	-1
4	91	-1	1	-1
4	91	-1	1	-1
4	91	-1	1	-1
4	91	-1	1	-1
4	91	-1	1	-1
6	92	-1	1	-1
6	92	-1	1	-1
6	92	-1	1	-1
6	92	-1	1	-1
6	92	-1	1	-1
6	92	-1	1	-1
6	92	-1	1	-1
6	92	-1	1	-1
6	92	-1	1	-1
6	92	-1	1	-1
6	92	-1	1	-1
6	92	-1	1	-1
6	92	-1	1	-1
6	92	-1	1	-1
6	92	-1	1	-1
6	92	-1	1	-1
6	92	-1	1	-1
6	92	-1	1	-1
6	92	-1	1	-1
6	92	-1	1	-1
6	92	-1	1	-1
6	92	-1	1	-1
6	92	-1	1	-1
4	93	-1	1	-1
4	93	-1	1	-1
4	93	-1	1	-1
4	93	-1	1	-1
4	93	-1	1	-1
4	93	-1	1	-1
4	93	-1	1	-1
4	93	-1	1	-1
4	93	-1	1	-1
4	93	-1	1	-1
4	93	-1	1	-1
4	93	-1	1	-1
4	93	-1	1	-1
4	93	-1	1	-1
4	93	-1	1	-1
4	93	-1	1	-1
4	93	-1	1	-1
4	93	-1	1	-1
4	93	-1	1	-1
4	93	-1	1	-1
4	93	-1	1	-1
4	93	-1	1	-1
4	93	-1	1	-1
4	93	-1	1	-1
4	94	-1	1	-1
4	94	-1	1	-1
4	94	-1	1	-1
4	94	-1	1	-1
4	94	-1	1	-1
4	94	-1	1	-1
4	94	-1	1	-1
4	94	-1	1	-1
4	94	-1	1	-1
4	94	-1	1	-1
4	94	-1	1	-1
4	94	-1	1	-1
4	94	-1	1	-1
4	94	-1	1	-1
4	94	-1	1	-1
4	94	-1	1	-1
4	94	-1	1	-1
4	94	-1	1	-1
4	94	-1	1	-1
4	94	-1	1	-1
4	94	-1	1	-1
4	94	-1	1	-1
4	94	-1	1	-1
4	94	-1	1	-1
4	94	-1	1	-1
4	94	-1	1	-1
4	94	-1	1	-1
4	94	-1	1	-1
4	94	-1	1	-1
4	94	-1	1	-1
4	94	-1	1	-1
4	94	-1	1	-1
4	94	-1	1	-1
4	94	-1	1	-1
4	94	-1	1	-1
4	94	-1	1	-1
4	94	-1	1	-1
4	94	-1	1	-1
4	94	-1	1	-1
4	94	-1	1	-1
4	95	-1	1	-1
4	95	-1	1	-1
4	95	-1	1	-1
4	95	-1	1	-1
4	95	-1	1	-1
4	95	-1	1	-1
4	95	-1	1	-1
4	95	-1	1	-1
4	95	-1	1	-1
4	95	-1	1	-1
4	95	-1	1	-1
4	95	-1	1	-1
4	95	-1	1	-1
4	95	-1	1	-1
4	95	-1	1	-1
4	95	-1	1	-1
4	95	-1	1	-1
4	95	-1	1	-1
4	95	-1	1	-1
4	95	-1	1	-1
4	95	-1	1	-1
4	95	-1	1	-1
4	95	-1	1	-1
4	95	-1	1	-1
4	95	-1	1	-1
4	95	-1	1	-1
4	95	-1	1	-1
4	95	-1	1	-1
4	95	-1	1	-1
4	95	-1	1	-1
4	95	-1	1	-1
4	95	-1	1	-1
4	95	-1	1	-1
4	95	-1	1	-1
4	95	-1	1	-1
4	95	-1	1	-1
4	95	-1	1	-1
4	95	-1	1	-1
4	95	-1	1	-1
4	95	-1	1	-1
4	95	-1	1	-1
4	95	-1	1	-1
4	95	-1	1	-1
4	95	-1	1	-1
4	95	-1	1	-1
4	95	-1	1	-1
4	95	-1	1	-1
4	95	-1	1	-1
4	95	-1	1	-1
4	95	-1	1	-1
4	95	-1	1	-1
4	95	-1	1	-1
4	95	-1	1	-1
4	95	-1	1	-1
4	95	-1	1	-1
4	95	-1	1	-1
4	95	-1	1	-1
4	95	-1	1	-1
4	95	-1	1	-1
4	95	-1	1	-1
4	95	-1	1	-1
4	95	-1	1	-1
4	95	-1	1	-1
4	95	-1	1	-1
4	95	-1	1	-1
4	96	-1	1	-1
4	96	-1	1	-1
4	96	-1	1	-1
4	96	-1	1	-1
4	96	-1	1	-1
4	96	-1	1	-1
4	96	-1	1	-1
4	96	-1	1	-1
4	96	-1	1	-1
4	96	-1	1	-1
4	96	-1	1	-1
4	96	-1	1	-1
4	96	-1	1	-1
4	96	-1	1	-1
4	96	-1	1	-1
4	96	-1	1	-1
4	96	-1	1	-1
4	96	-1	1	-1
4	96	-1	1	-1
4	96	-1	1	-1
4	96	-1	1	-1
4	96	-1	1	-1
4	96	-1	1	-1
4	96	-1	1	-1
4	96	-1	1	-1
4	96	-1	1	-1
4	96	-1	1	-1
4	96	-1	1	-1
4	96	-1	1	-1
4	96	-1	1	-1
4	96	-1	1	-1
4	96	-1	1	-1
4	96	-1	1	-1
4	96	-1	1	-1
4	96	-1	1	-1
4	96	-1	1	-1
4	96	-1	1	-1
4	96	-1	1	-1
4	96	-1	1	-1
4	96	-1	1	-1
4	96	-1	1	-1
4	96	-1	1	-1
4	96	-1	1	-1
4	96	-1	1	-1
4	96	-1	1	-1
4	96	-1	1	-1
4	96	-1	1	-1
4	96	-1	1	-1
4	96	-1	1	-1
4	96	-1	1	-1
4	96	-1	1	-1
4	96	-1	1	-1
4	96	-1	1	-1
4	96	-1	1	-1
4	96	-1	1	-1
4	96	-1	1	-1
4	96	-1	1	-1
4	96	-1	1	-1
4	96	-1	1	-1
4	96	-1	1	-1
4	96	-1	1	-1
4	96	-1	1	-1
4	96	-1	1	-1
4	96	-1	1	-1
4	96	-1	1	-1
4	96	-1	1	-1
4	96	-1	1	-1
1	97	-1	1	-1
1	97	-1	1	-1
1	97	-1	1	-1
1	97	-1	1	-1
1	97	-1	1	-1
1	97	-1	1	-1
1	97	-1	1	-1
1	97	-1	1	-1
1	97	-1	1	-1
1	97	-1	1	-1
1	97	-1	1	-1
1	97	-1	1	-1
1	97	-1	1	-1
1	97	-1	1	-1
1	97	-1	1	-1
1	97	-1	1	-1
1	97	-1	1	-1
1	97	-1	1	-1
1	97	-1	1	-1
1	97	-1	1	-1
1	97	-1	1	-1
1	97	-1	1	-1
1	97	-1	1	-1
1	97	-1	1	-1
1	97	-1	1	-1
1	97	-1	1	-1
1	97	-1	1	-1
1	97	-1	1	-1
1	97	-1	1	-1
1	97	-1	1	-1
1	97	-1	1	-1
1	97	-1	1	-1
1	97	-1	1	-1
1	97	-1	1	-1
1	97	-1	1	-1
1	97	-1	1	-1
1	97	-1	1	-1
1	97	-1	1	-1
1	97	-1	1	-1
1	97	-1	1	-1
1	97	-1	1	-1
1	97	-1	1	-1
1	97	-1	1	-1
1	97	-1	1	-1
1	97	-1	1	-1
1	97	-1	1	-1
1	97	-1	1	-1
1	97	-1	1	-1
1	97	-1	1	-1
1	97	-1	1	-1
1	97	-1	1	-1
1	97	-1	1	-1
1	97	-1	1	-1
1	97	-1	1	-1
1	97	-1	1	-1
1	97	-1	1	-1
1	97	-1	1	-1
4	98	-1	1	-1
4	98	-1	1	-1
4	98	-1	1	-1
4	98	-1	1	-1
4	98	-1	1	-1
4	98	-1	1	-1
4	98	-1	1	-1
4	98	-1	1	-1
4	98	-1	1	-1
4	98	-1	1	-1
4	98	-1	1	-1
4	98	-1	1	-1
4	98	-1	1	-1
4	98	-1	1	-1
4	98	-1	1	-1
4	98	-1	1	-1
4	98	-1	1	-1
4	98	-1	1	-1
4	98	-1	1	-1
4	98	-1	1	-1
4	98	-1	1	-1
4	98	-1	1	-1
4	98	-1	1	-1
4	98	-1	1	-1
4	98	-1	1	-1
4	98	-1	1	-1
4	99	-1	1	-1
4	99	-1	1	-1
4	99	-1	1	-1
4	99	-1	1	-1
4	99	-1	1	-1
4	99	-1	1	-1
4	99	-1	1	-1
4	99	-1	1	-1
4	99	-1	1	-1
4	99	-1	1	-1
4	99	-1	1	-1
4	99	-1	1	-1
4	99	-1	1	-1
4	99	-1	1	-1
4	99	-1	1	-1
4	99	-1	1	-1
4	99	-1	1	-1
4	99	-1	1	-1
4	99	-1	1	-1
4	99	-1	1	-1
4	99	-1	1	-1
4	99	-1	1	-1
4	99	-1	1	-1
4	99	-1	1	-1
4	99	-1	1	-1
4	99	-1	1	-1
4	99	-1	1	-1
4	99	-1	1	-1
4	99	-1	1	-1
4	99	-1	1	-1
4	99	-1	1	-1
4	99	-1	1	-1
4	99	-1	1	-1
4	99	-1	1	-1
4	99	-1	1	-1
4	99	-1	1	-1
4	99	-1	1	-1
4	99	-1	1	-1
4	99	-1	1	-1
4	99	-1	1	-1
4	99	-1	1	-1
4	99	-1	1	-1
1	100	-1	1	-1
1	100	-1	1	-1
1	100	-1	1	-1
1	100	-1	1	-1
1	100	-1	1	-1
1	100	-1	1	-1
1	100	-1	1	-1
1	100	-1	1	-1
1	100	-1	1	-1
1	100	-1	1	-1
1	100	-1	1	-1
1	100	-1	1	-1
1	100	-1	1	-1
1	100	-1	1	-1
1	100	-1	1	-1
1	100	-1	1	-1
1	100	-1	1	-1
1	100	-1	1	-1
1	100	-1	1	-1
1	100	-1	1	-1
1	100	-1	1	-1
1	100	-1	1	-1
1	100	-1	1	-1
1	100	-1	1	-1
1	100	-1	1	-1
1	100	-1	1	-1
1	100	-1	1	-1
1	100	-1	1	-1
1	100	-1	1	-1
1	100	-1	1	-1
1	100	-1	1	-1
1	100	-1	1	-1
1	100	-1	1	-1
1	100	-1	1	-1
1	100	-1	1	-1
1	100	-1	1	-1
1	100	-1	1	-1
1	100	-1	1	-1
1	100	-1	1	-1
1	100	-1	1	-1
1	100	-1	1	-1
1	100	-1	1	-1
1	100	-1	1	-1
1	100	-1	1	-1
1	100	-1	1	-1
1	100	-1	1	-1
1	100	-1	1	-1
1	100	-1	1	-1
1	100	-1	1	-1
1	100	-1	1	-1
1	100	-1	1	-1
1	100	-1	1	-1
1	100	-1	1	-1
1	100	-1	1	-1
1	100	-1	1	-1
1	100	-1	1	-1
1	100	-1	1	-1
4	101	-1	1	-1
4	101	-1	1	-1
4	101	-1	1	-1
4	101	-1	1	-1
4	101	-1	1	-1
4	101	-1	1	-1
4	101	-1	1	-1
4	101	-1	1	-1
4	101	-1	1	-1
4	101	-1	1	-1
4	101	-1	1	-1
4	101	-1	1	-1
4	101	-1	1	-1
4	101	-1	1	-1
4	101	-1	1	-1
4	101	-1	1	-1
4	101	-1	1	-1
4	101	-1	1	-1
4	101	-1	1	-1
4	101	-1	1	-1
4	101	-1	1	-1
4	101	-1	1	-1
4	101	-1	1	-1
4	101	-1	1	-1
4	101	-1	1	-1
4	101	-1	1	-1
4	101	-1	1	-1
4	101	-1	1	-1
4	101	-1	1	-1
4	101	-1	1	-1
4	101	-1	1	-1
4	101	-1	1	-1
4	101	-1	1	-1
4	101	-1	1	-1
4	101	-1	1	-1
4	101	-1	1	-1
4	101	-1	1	-1
4	101	-1	1	-1
4	102	-1	1	-1
4	102	-1	1	-1
4	102	-1	1	-1
4	102	-1	1	-1
4	102	-1	1	-1
4	102	-1	1	-1
4	102	-1	1	-1
4	102	-1	1	-1
4	102	-1	1	-1
4	102	-1	1	-1
4	102	-1	1	-1
4	102	-1	1	-1
4	102	-1	1	-1
4	102	-1	1	-1
4	102	-1	1	-1
4	102	-1	1	-1
4	102	-1	1	-1
4	102	-1	1	-1
4	102	-1	1	-1
4	102	-1	1	-1
4	102	-1	1	-1
4	102	-1	1	-1
4	102	-1	1	-1
4	102	-1	1	-1
4	102	-1	1	-1
4	102	-1	1	-1
4	102	-1	1	-1
4	102	-1	1	-1
4	102	-1	1	-1
4	102	-1	1	-1
4	102	-1	1	-1
4	102	-1	1	-1
4	102	-1	1	-1
4	102	-1	1	-1
4	102	-1	1	-1
4	102	-1	1	-1
4	102	-1	1	-1
4	102	-1	1	-1
4	102	-1	1	-1
4	102	-1	1	-1
4	102	-1	1	-1
4	102	-1	1	-1
4	102	-1	1	-1
4	102	-1	1	-1
4	102	-1	1	-1
4	102	-1	1	-1
4	102	-1	1	-1
4	102	-1	1	-1
4	102	-1	1	-1
4	102	-1	1	-1
4	102	-1	1	-1
4	102	-1	1	-1
4	102	-1	1	-1
4	102	-1	1	-1
4	102	-1	1	-1
4	102	-1	1	-1
4	102	-1	1	-1
4	102	-1	1	-1
4	102	-1	1	-1
3	103	-1	1	-1
3	103	-1	1	-1
3	103	-1	1	-1
3	103	-1	1	-1
3	103	-1	1	-1
3	103	-1	1	-1
3	103	-1	1	-1
3	103	-1	1	-1
3	103	-1	1	-1
3	103	-1	1	-1
3	103	-1	1	-1
3	103	-1	1	-1
3	103	-1	1	-1
3	103	-1	1	-1
3	103	-1	1	-1
3	103	-1	1	-1
3	103	-1	1	-1
3	103	-1	1	-1
3	103	-1	1	-1
3	103	-1	1	-1
4	104	-1	1	-1
4	104	-1	1	-1
4	104	-1	1	-1
4	104	-1	1	-1
4	104	-1	1	-1
4	104	-1	1	-1
4	104	-1	1	-1
4	104	-1	1	-1
4	104	-1	1	-1
4	104	-1	1	-1
4	104	-1	1	-1
4	104	-1	1	-1
4	104	-1	1	-1
4	104	-1	1	-1
4	104	-1	1	-1
4	104	-1	1	-1
4	104	-1	1	-1
4	104	-1	1	-1
4	104	-1	1	-1
4	104	-1	1	-1
4	104	-1	1	-1
4	104	-1	1	-1
4	104	-1	1	-1
4	104	-1	1	-1
4	104	-1	1	-1
4	104	-1	1	-1
4	104	-1	1	-1
4	104	-1	1	-1
4	104	-1	1	-1
4	104	-1	1	-1
4	104	-1	1	-1
4	104	-1	1	-1
4	104	-1	1	-1
4	104	-1	1	-1
4	104	-1	1	-1
4	104	-1	1	-1
4	104	-1	1	-1
4	104	-1	1	-1
4	104	-1	1	-1
4	104	-1	1	-1
4	104	-1	1	-1
4	104	-1	1	-1
4	104	-1	1	-1
4	104	-1	1	-1
4	104	-1	1	-1
4	104	-1	1	-1
4	104	-1	1	-1
4	104	-1	1	-1
4	104	-1	1	-1
4	104	-1	1	-1
4	105	-1	1	-1
4	105	-1	1	-1
4	105	-1	1	-1
4	105	-1	1	-1
4	105	-1	1	-1
4	105	-1	1	-1
4	105	-1	1	-1
4	105	-1	1	-1
4	105	-1	1	-1
4	105	-1	1	-1
4	105	-1	1	-1
4	105	-1	1	-1
4	105	-1	1	-1
4	105	-1	1	-1
4	105	-1	1	-1
4	105	-1	1	-1
4	105	-1	1	-1
4	105	-1	1	-1
4	105	-1	1	-1
4	105	-1	1	-1
4	105	-1	1	-1
4	105	-1	1	-1
4	105	-1	1	-1
4	105	-1	1	-1
4	105	-1	1	-1
4	105	-1	1	-1
4	105	-1	1	-1
4	105	-1	1	-1
4	105	-1	1	-1
4	106	-1	1	-1
4	106	-1	1	-1
4	106	-1	1	-1
4	106	-1	1	-1
4	106	-1	1	-1
4	106	-1	1	-1
4	106	-1	1	-1
4	106	-1	1	-1
4	106	-1	1	-1
4	106	-1	1	-1
4	106	-1	1	-1
4	106	-1	1	-1
4	106	-1	1	-1
4	106	-1	1	-1
4	106	-1	1	-1
4	106	-1	1	-1
4	106	-1	1	-1
4	106	-1	1	-1
4	106	-1	1	-1
4	106	-1	1	-1
4	106	-1	1	-1
4	106	-1	1	-1
4	106	-1	1	-1
4	106	-1	1	-1
4	106	-1	1	-1
4	106	-1	1	-1
4	106	-1	1	-1
4	106	-1	1	-1
4	106	-1	1	-1
4	106	-1	1	-1
4	107	-1	1	-1
4	107	-1	1	-1
4	107	-1	1	-1
4	107	-1	1	-1
4	107	-1	1	-1
4	107	-1	1	-1
4	107	-1	1	-1
4	107	-1	1	-1
4	107	-1	1	-1
4	107	-1	1	-1
4	107	-1	1	-1
4	107	-1	1	-1
4	107	-1	1	-1
4	107	-1	1	-1
4	107	-1	1	-1
4	107	-1	1	-1
4	107	-1	1	-1
4	107	-1	1	-1
4	107	-1	1	-1
4	107	-1	1	-1
4	107	-1	1	-1
4	107	-1	1	-1
4	107	-1	1	-1
1	108	-1	1	-1
1	108	-1	1	-1
1	108	-1	1	-1
1	108	-1	1	-1
1	108	-1	1	-1
1	108	-1	1	-1
1	108	-1	1	-1
1	108	-1	1	-1
1	108	-1	1	-1
1	108	-1	1	-1
1	108	-1	1	-1
1	108	-1	1	-1
1	108	-1	1	-1
1	108	-1	1	-1
1	108	-1	1	-1
1	108	-1	1	-1
1	108	-1	1	-1
1	108	-1	1	-1
1	108	-1	1	-1
1	108	-1	1	-1
1	108	-1	1	-1
1	108	-1	1	-1
1	108	-1	1	-1
1	108	-1	1	-1
1	108	-1	1	-1
1	108	-1	1	-1
1	108	-1	1	-1
1	108	-1	1	-1
1	108	-1	1	-1
1	108	-1	1	-1
1	108	-1	1	-1
1	108	-1	1	-1
1	108	-1	1	-1
1	108	-1	1	-1
1	108	-1	1	-1
1	108	-1	1	-1
1	108	-1	1	-1
1	108	-1	1	-1
1	108	-1	1	-1
1	109	-1	1	-1
1	109	-1	1	-1
1	109	-1	1	-1
1	109	-1	1	-1
1	109	-1	1	-1
1	109	-1	1	-1
1	109	-1	1	-1
1	109	-1	1	-1
1	109	-1	1	-1
1	109	-1	1	-1
1	109	-1	1	-1
1	109	-1	1	-1
1	109	-1	1	-1
1	109	-1	1	-1
1	109	-1	1	-1
1	109	-1	1	-1
1	109	-1	1	-1
1	109	-1	1	-1
1	109	-1	1	-1
1	109	-1	1	-1
1	109	-1	1	-1
1	109	-1	1	-1
1	109	-1	1	-1
1	109	-1	1	-1
1	109	-1	1	-1
1	109	-1	1	-1
1	109	-1	1	-1
1	109	-1	1	-1
1	109	-1	1	-1
1	109	-1	1	-1
1	109	-1	1	-1
1	109	-1	1	-1
1	109	-1	1	-1
1	109	-1	1	-1
1	109	-1	1	-1
1	109	-1	1	-1
1	109	-1	1	-1
1	109	-1	1	-1
1	109	-1	1	-1
1	109	-1	1	-1
1	109	-1	1	-1
1	109	-1	1	-1
1	109	-1	1	-1
1	109	-1	1	-1
1	109	-1	1	-1
1	109	-1	1	-1
1	109	-1	1	-1
1	109	-1	1	-1
1	109	-1	1	-1
1	109	-1	1	-1
1	109	-1	1	-1
1	109	-1	1	-1
1	109	-1	1	-1
1	109	-1	1	-1
1	109	-1	1	-1
1	109	-1	1	-1
1	109	-1	1	-1
1	109	-1	1	-1
1	109	-1	1	-1
1	109	-1	1	-1
1	109	-1	1	-1
1	109	-1	1	-1
1	109	-1	1	-1
1	109	-1	1	-1
1	109	-1	1	-1
1	110	-1	1	-1
1	110	-1	1	-1
1	110	-1	1	-1
1	110	-1	1	-1
1	110	-1	1	-1
1	110	-1	1	-1
1	110	-1	1	-1
1	110	-1	1	-1
1	110	-1	1	-1
1	110	-1	1	-1
1	110	-1	1	-1
2	111	-1	1	-1
2	111	-1	1	-1
2	111	-1	1	-1
2	111	-1	1	-1
2	111	-1	1	-1
2	111	-1	1	-1
2	111	-1	1	-1
2	111	-1	1	-1
2	111	-1	1	-1
2	111	-1	1	-1
2	111	-1	1	-1
1	112	-1	1	-1
4	113	-1	1	-1
4	113	-1	1	-1
4	113	-1	1	-1
4	113	-1	1	-1
4	113	-1	1	-1
4	113	-1	1	-1
4	113	-1	1	-1
4	113	-1	1	-1
4	113	-1	1	-1
4	113	-1	1	-1
4	113	-1	1	-1
4	113	-1	1	-1
4	113	-1	1	-1
4	113	-1	1	-1
4	113	-1	1	-1
4	113	-1	1	-1
1	114	-1	1	-1
1	114	-1	1	-1
1	114	-1	1	-1
1	114	-1	1	-1
1	114	-1	1	-1
1	114	-1	1	-1
1	114	-1	1	-1
1	114	-1	1	-1
1	114	-1	1	-1
1	114	-1	1	-1
1	114	-1	1	-1
4	115	-1	1	-1
4	115	-1	1	-1
4	115	-1	1	-1
4	115	-1	1	-1
4	115	-1	1	-1
4	115	-1	1	-1
4	115	-1	1	-1
4	115	-1	1	-1
1	116	-1	1	-1
1	116	-1	1	-1
1	116	-1	1	-1
1	116	-1	1	-1
1	116	-1	1	-1
1	116	-1	1	-1
1	116	-1	1	-1
1	116	-1	1	-1
1	116	-1	1	-1
1	116	-1	1	-1
4	117	-1	1	-1
4	117	-1	1	-1
4	117	-1	1	-1
4	117	-1	1	-1
4	117	-1	1	-1
4	117	-1	1	-1
4	117	-1	1	-1
4	117	-1	1	-1
4	117	-1	1	-1
4	117	-1	1	-1
4	117	-1	1	-1
4	117	-1	1	-1
4	117	-1	1	-1
4	117	-1	1	-1
4	117	-1	1	-1
4	117	-1	1	-1
4	117	-1	1	-1
4	117	-1	1	-1
4	117	-1	1	-1
4	117	-1	1	-1
4	117	-1	1	-1
4	117	-1	1	-1
4	117	-1	1	-1
4	117	-1	1	-1
4	117	-1	1	-1
4	117	-1	1	-1
4	117	-1	1	-1
4	117	-1	1	-1
1	118	-1	1	-1
1	118	-1	1	-1
1	118	-1	1	-1
1	118	-1	1	-1
1	118	-1	1	-1
1	118	-1	1	-1
1	118	-1	1	-1
1	118	-1	1	-1
